70.93871429  0.26171   
71.36528571  0.24032125
72.09514286  0.33217125
73.09642857  0.32336375
73.515       0.24912875
74.82828571  0.41018125
75.96142857  0.32588   
77.69528571  0.4265375 
80.54314286  0.31455625
80.824       0.27680875
82.28342857  0.45799375
82.82228571  0.230255  
84.01142857  0.51964625
84.67842857  0.19125   
84.68728571  0.25038625
85.97357143  0.23151375
86.00742857  0.45799375
86.56642857  0.364885  
86.69585714  0.273035  
87.01542857  0.49322375
87.13471429  0.33342875
88.12442857  0.24787   
88.39685714  0.15350375
88.40671429  0.22018875
88.572       0.36740125
88.86457143  0.407665  
89.98214286  0.21893125
89.994       0.29819875
89.99914286  0.33217125
90.43214286  0.35481875
90.99942857  0.3170725 
91.27914286  0.27177625
91.29371429  0.36866   
91.73414286  0.44037875
91.841       0.19754125
92.99785714  0.27177625
93.278       0.22899625
93.879       0.4164725 
94.13128571  0.18873375
94.735       0.39382375
95.86928571  0.3170725 
96.42928571  0.230255  
96.57628571  0.25542   
97.03257143  0.43282875
97.72885714  0.300715  
98.29242857  0.23780375
98.32542857  0.45799375
99.446       0.28939125
99.74357143  0.36362625
100.7202857  0.19125   
100.884      0.32713875
101.3114286  0.31204   
101.4674286  0.39759875
102.1871429  0.421505  
102.3112857  0.29442375
103.1527143  0.173635  
103.1665714  0.26674375
103.4647143  0.34475375
104.1594286  0.20131625
104.869      0.1572775 
105.1702857  0.2566775 
105.4604286  0.28058375
105.467      0.32462125
105.4725714  0.36236875
105.6077143  0.308265  
105.7397143  0.23277125
106.0498571  0.3913075 
106.4742857  0.3560775 
106.8944286  0.2919075 
107.336      0.37117625
107.5935714  0.1786675 
107.5967143  0.2000575 
107.6181429  0.34223625
107.7501429  0.26800125
108.8927143  0.24535375
109.0321429  0.22018875
109.0485714  0.329655  
109.6137143  0.2780675 
110.7635714  0.30449   
110.7751429  0.3825    
112.6187143  0.25919375
113.2042857  0.343495  
113.4821429  0.28561625
113.9028571  0.22648   
113.9114286  0.2831    
115.3458571  0.29694125
115.4864286  0.27932625
116.2137143  0.35356125
116.635      0.29819875
116.6472857  0.37998375
116.7722857  0.25793625
119.6462857  0.3208475 
120.3545714  0.26800125
120.7755714  0.21012375
121.3698571  0.3523025 
121.9351429  0.30197375
122.6444286  0.25542   
124.6452857  0.22648   
126.786      0.1748925 