83.03942857  0.232145   
84.71628571  0.51196625 
85.17742857  0.3023875  
85.72671429  0.46049875 
86.72414286  0.49436625 
86.99        0.63240375 
87.04428571  0.26973125 
87.86314286  0.54078125 
88.75071429  0.35253    
90.60457143  0.4064625  
91.17571429  0.41900375 
91.73471429  0.51185875 
91.73842857  0.48676    
92.06114286  0.24455625 
93.894       0.43904    
94.31828571  0.47542625 
94.74028571  0.5268725  
95.19728571  0.34490125 
96.04585714  0.41641875 
96.06485714  0.28967125 
97.19028571  0.42644125 
98.61828571  0.4552825  
99.20642857  0.353625   
99.37071429  0.21307125 
99.47085714  0.50044625 
99.49971429  0.3084425  
99.63971429  0.32977375 
100.2191429  0.28584375 
101.4905714  0.40378625 
102.2101429  0.38118625 
102.2328571  0.22934125 
102.2418571  0.169105   
102.3712857  0.26196625 
102.5007143  0.35357375 
103.2198571  0.33348375 
104.3517143  0.42758625 
104.5192857  0.26444375 
104.9435714  0.30083    
105.1091429  0.15149125 
105.205      0.46773    
105.6511429  0.358545   
105.7888571  0.39493625 
105.9422857  0.3271675  
106.775      0.50535375 
106.9375714  0.376095   
107.647      0.42126125 
107.6592857  0.33843625 
107.6807143  0.195375   
108.068      0.47898125 
108.2174286  0.43756625 
109.0902857  0.34719875 
109.0972857  0.30076625 
109.2382857  0.31582375 
110.083      0.41369375 
110.5437143  0.206625   
111.3902857  0.29194625 
111.662      0.39108125 
112.1004286  0.33209375 
112.685      0.25428    
113.5358571  0.3119925  
113.8272857  0.278105   
115.2182857  0.55416625 
115.2521429  0.32828    
115.5272857  0.40357125 
115.5348571  0.353375   
116.248      0.3734425  
116.6521429  0.544105   
116.811      0.439945   
117.669      0.44871625 
117.8212857  0.3884775  
118.1027143  0.42235625 
118.9854286  0.2667325  
119.1207143  0.31943625 
119.1378571  0.20523875 
120.2447143  0.46499    
120.2617143  0.3520475  
121.384      0.508895   
121.5848571  0.124886375
121.987      0.30809875 
121.9951429  0.2541375  
122.2492857  0.46998    
122.829      0.42479375 
123.4234286  0.28046875 
124.1302857  0.34320375 
124.291      0.22649375 
126.4202857  0.3544625  
128.018      0.2063575  
129.5872857  0.24774625 
130.5508571  0.508755   
136.319      0.2488975  
