61.0         0.286716
62.0         0.417776
61.0         0.424502
47.0         0.335057
64.0         0.333975
65.0         0.457899
67.0         0.362681
67.0         0.365599
59.0         0.412615
48.0         0.369709
49.0         0.336107
61.0         0.42469
61.0         0.387248
61.0         0.387248
64.0         0.412364
56.0         0.470214
61.0         0.402507
54.0         0.493609
59.0         0.381304
45.0         0.441169
59.0         0.378252
59.0         0.378252
45.0         0.441169
55.0         0.459696
52.0         0.462809
53.0         0.439276
53.0         0.439276
66.0         0.298977
70.0         0.466291
70.0         0.466291
63.0         0.34376
67.0         0.500488
74.0         0.302099
73.0         0.236044
73.0         0.236044
73.0         0.287021
58.0         0.454463
78.0         0.393271
73.0         0.278873
57.0         0.391303
57.0         0.390718
68.0         0.418345
66.0         0.48995
70.0         0.393018
68.0         0.463372
68.0         0.463372
64.0         0.523675
57.0         0.379466
64.0         0.524343
66.0         0.290518
65.0         0.538243
68.0         0.502875
57.0         0.417154
57.0         0.417272
68.0         0.428746
67.0         0.274024
45.0         0.332289
45.0         0.332355
62.0         0.38288
60.0         0.382008
64.0         0.297354
58.0         0.418966
62.0         0.326363
56.0         0.46293
66.0         0.289004
66.0         0.289004
66.0         0.288769
56.0         0.46293
58.0         0.418911
64.0         0.292347
58.0         0.421073
65.0         0.393095
62.0         0.380852
63.0         0.374911
56.0         0.429463
58.0         0.432637
63.0         0.374911
65.0         0.394762
68.0         0.377564
52.0         0.394591
53.0         0.378716
66.0         0.337569
60.0         0.421548
66.0         0.394465
62.0         0.344763
58.0         0.468106
58.0         0.468106
60.0         0.424587
60.0         0.421091
58.0         0.468106
60.0         0.424587
60.0         0.424587
58.0         0.468106
60.0         0.421091
56.0         0.489883
58.0         0.450017
58.0         0.409649
56.0         0.489883
62.0         0.389502
62.0         0.389502
63.0         0.403163
54.0         0.413826
60.0         0.297671
59.0         0.38183
54.0         0.413826
60.0         0.421091
58.0         0.404495
58.0         0.501262
56.0         0.540052
63.0         0.446905
74.0         0.508851
70.0         0.25948
67.0         0.523479
63.0         0.365191
61.0         0.307593
43.0         0.421498
46.0         0.494581
44.0         0.526245
57.0         0.574787
49.0         0.653637
57.0         0.307223
53.0         0.636607
55.0         0.634589
57.0         0.619378
53.0         0.666442
48.0         0.442445
52.0         0.467201
47.0         0.549815
52.0         0.467608
57.0         0.649851
52.0         0.643842
49.0         0.53555
52.0         0.643093
52.0         0.643093
47.0         0.45488
57.0         0.583557
57.0         0.465117
58.0         0.319831
61.0         0.52789
60.0         0.402313
53.0         0.309086
58.0         0.450112
63.0         0.450587
67.0         0.530658
52.0         0.543235
56.0         0.492196
58.0         0.275052
52.0         0.49852
48.0         0.575961
54.0         0.466107
65.0         0.410981
71.0         0.492271
65.0         0.411735
59.0         0.383404
54.0         0.360113
69.0         0.52611
51.0         0.34786
57.0         0.345252
51.0         0.345042
56.0         0.302376
70.0         0.526937
64.0         0.606494
64.0         0.606494
64.0         0.606494
64.0         0.606494
64.0         0.606494
51.0         0.348158
48.0         0.402498
51.0         0.413162
58.0         0.522308
62.0         0.526582
63.0         0.516143
62.0         0.410001
60.0         0.467387
60.0         0.467584
60.0         0.434679
69.0         0.572458
69.0         0.572458
62.0         0.415483
62.0         0.415483
52.0         0.357992
52.0         0.357992
55.0         0.482773
60.0         0.339335
58.0         0.463551
61.0         0.4089
54.0         0.541492
52.0         0.528647
49.0         0.416266
49.0         0.416266
50.0         0.449111
52.0         0.528647
54.0         0.39438
52.0         0.575748
55.0         0.514808
55.0         0.357636
50.0         0.359049
50.0         0.359049
48.0         0.403801
50.0         0.459773
54.0         0.422594
54.0         0.420682
54.0         0.421489
54.0         0.420682
50.0         0.459427
46.0         0.450785
43.0         0.413133
54.0         0.420682
53.0         0.436542
46.0         0.410729
45.0         0.401161
47.0         0.447609
44.0         0.582429
47.0         0.446468
50.0         0.551666
53.0         0.429189
55.0         0.371332
64.0         0.578498
58.0         0.479841
58.0         0.479841
57.0         0.280871
57.0         0.475247
57.0         0.475247
56.0         0.339397
61.0         0.454327
68.0         0.370749
69.0         0.355541
66.0         0.501444
56.0         0.439155
67.0         0.512124
52.0         0.423704
54.0         0.426272
52.0         0.423877
52.0         0.423704
68.0         0.500487
68.0         0.500954
68.0         0.500954
72.0         0.356918
74.0         0.319016
63.0         0.32416
63.0         0.32416
57.0         0.484116
66.0         0.364801
64.0         0.384905
70.0         0.356353
59.0         0.450373
61.0         0.395236
69.0         0.336258
61.0         0.395236
56.0         0.352344
55.0         0.456858
59.0         0.450373
69.0         0.333447
56.0         0.352344
61.0         0.395236
56.0         0.352481
61.0         0.51979
56.0         0.367367
59.0         0.358026
59.0         0.449584
59.0         0.449584
56.0         0.473207
62.0         0.518577
56.0         0.473207
48.0         0.393256
56.0         0.340822
48.0         0.393256
47.0         0.539104
56.0         0.302448
53.0         0.343882
51.0         0.415039
50.0         0.444348
45.0         0.360808
45.0         0.360808
50.0         0.444348
56.0         0.323275
50.0         0.443867
54.0         0.491666
51.0         0.561178
55.0         0.354249
66.0         0.379951
54.0         0.491666
58.0         0.391738
55.0         0.354419
62.0         0.366084
56.0         0.354794
60.0         0.428601
53.0         0.374317
53.0         0.376874
53.0         0.374317
58.0         0.286829
60.0         0.428982
60.0         0.42872
60.0         0.428982
61.0         0.421239
60.0         0.428982
58.0         0.283628
56.0         0.355047
53.0         0.373563
53.0         0.373563
53.0         0.373008
53.0         0.373563
52.0         0.353894
62.0         0.445656
62.0         0.445656
56.0         0.34797
58.0         0.321526
62.0         0.445656
56.0         0.359459
53.0         0.373097
52.0         0.354455
56.0         0.359459
60.0         0.522657
51.0         0.376727
54.0         0.359698
56.0         0.356554
54.0         0.358975
64.0         0.380412
55.0         0.429604
54.0         0.411184
52.0         0.354399
54.0         0.534638
52.0         0.354073
53.0         0.568695
54.0         0.534638
52.0         0.354135
53.0         0.568695
52.0         0.354399
54.0         0.412231
55.0         0.489953
52.0         0.571457
60.0         0.626905
60.0         0.627097
54.0         0.532567
54.0         0.532567
54.0         0.532567
54.0         0.532567
54.0         0.532567
54.0         0.532567
54.0         0.533532
54.0         0.532567
58.0         0.619329
58.0         0.619329
58.0         0.619124
54.0         0.53415
58.0         0.619391
58.0         0.619391
58.0         0.619517
56.0         0.412231
62.0         0.580339
51.0         0.44091
62.0         0.580339
47.0         0.488538
55.0         0.591207
58.0         0.619517
51.0         0.438535
58.0         0.355475
58.0         0.355475
63.0         0.455198
59.0         0.492864
59.0         0.492864
59.0         0.492864
59.0         0.492864
59.0         0.492864
60.0         0.506187
60.0         0.506187
62.0         0.437264
62.0         0.437264
62.0         0.437264
57.0         0.435892
57.0         0.435892
62.0         0.437264
57.0         0.435892
55.0         0.445199
55.0         0.445199
55.0         0.445852
55.0         0.445199
54.0         0.430791
64.0         0.506581
60.0         0.39222
64.0         0.506581
60.0         0.39222
60.0         0.39222
64.0         0.506581
64.0         0.506581
64.0         0.506581
60.0         0.39222
60.0         0.39222
65.0         0.587339
65.0         0.587339
65.0         0.587339
56.0         0.346792
60.0         0.606248
58.0         0.505015
58.0         0.505042
58.0         0.505042
62.0         0.573424
58.0         0.505042
58.0         0.505042
58.0         0.505042
58.0         0.505042
62.0         0.573424
62.0         0.573424
58.0         0.53249
58.0         0.53249
62.0         0.573424
64.0         0.568092
58.0         0.492495
58.0         0.492495
58.0         0.492495
63.0         0.613134
60.0         0.483269
59.0         0.625748
55.0         0.493025
54.0         0.473242
51.0         0.516746
59.0         0.513741
60.0         0.415775
60.0         0.415597
60.0         0.415977
60.0         0.415775
60.0         0.416028
59.0         0.624008
60.0         0.415775
72.0         0.304326
58.0         0.351247
72.0         0.304326
64.0         0.507119
60.0         0.428143
57.0         0.468911
68.0         0.500416
68.0         0.500402
62.0         0.507628
65.0         0.522218
65.0         0.522218
66.0         0.542306
60.0         0.510512
38.0         0.672257
38.0         0.672257
38.0         0.672257
34.0         0.68195
65.0         0.492019
65.0         0.492019
32.0         0.701993
65.0         0.492019
73.0         0.454099
65.0         0.41977
79.0         0.295074
63.0         0.440477
63.0         0.440477
64.0         0.363407
48.0         0.437692
42.0         0.396888
43.0         0.338091
43.0         0.338091
43.0         0.338091
43.0         0.338091
43.0         0.338091
43.0         0.338091
43.0         0.338091
43.0         0.338091
43.0         0.338091
43.0         0.338091
43.0         0.338091
43.0         0.338091
43.0         0.338091
41.0         0.366404
41.0         0.36599
41.0         0.36634
43.0         0.338091
43.0         0.338536
44.0         0.42037
44.0         0.336606
41.0         0.366808
41.0         0.366808
41.0         0.366867
41.0         0.364886
41.0         0.366808
41.0         0.366867
25.0         0.809921
25.0         0.809921
41.0         0.342856
34.0         0.659501
34.0         0.68444
34.0         0.659062
32.0         0.73857
34.0         0.658761
32.0         0.72579
49.0         0.538779
52.0         0.454486
34.0         0.669165
32.0         0.72549
48.0         0.403961
32.0         0.72549
48.0         0.403902
52.0         0.454486
57.0         0.390049
57.0         0.390097
65.0         0.271108
40.0         0.581025
63.0         0.367793
62.0         0.369252
40.0         0.580517
73.0         0.397804
73.0         0.397804
73.0         0.397804
73.0         0.397804
69.0         0.410514
67.0         0.415305
67.0         0.415305
62.0         0.312565
62.0         0.312
62.0         0.311202
62.0         0.312565
62.0         0.312
62.0         0.312565
69.0         0.437166
67.0         0.340715
65.0         0.506126
59.0         0.329795
59.0         0.329795
65.0         0.505121
59.0         0.329795
65.0         0.505574
61.0         0.59649
61.0         0.59649
65.0         0.505574
65.0         0.505943
65.0         0.505574
60.0         0.558931
53.0         0.307477
62.0         0.485221
61.0         0.506968
55.0         0.377596
62.0         0.485221
54.0         0.368989
55.0         0.378649
58.0         0.471269
57.0         0.476251
57.0         0.476251
57.0         0.494473
58.0         0.391832
58.0         0.391832
58.0         0.391832
58.0         0.391832
58.0         0.391832
58.0         0.391832
58.0         0.391832
58.0         0.391832
58.0         0.391832
58.0         0.391832
58.0         0.391832
58.0         0.391832
58.0         0.391832
58.0         0.391832
58.0         0.391832
58.0         0.391752
58.0         0.391752
58.0         0.391752
57.0         0.413721
55.0         0.377079
57.0         0.413721
57.0         0.413721
57.0         0.413721
57.0         0.413721
57.0         0.413721
55.0         0.348512
57.0         0.414551
55.0         0.349901
62.0         0.351731
52.0         0.392414
52.0         0.392021
52.0         0.392021
52.0         0.392021
52.0         0.449545
63.0         0.313247
62.0         0.318067
64.0         0.331979
64.0         0.331979
61.0         0.393421
64.0         0.331979
67.0         0.300018
67.0         0.300018
67.0         0.300018
67.0         0.300018
59.0         0.454525
59.0         0.454525
59.0         0.454525
59.0         0.454525
66.0         0.555497
64.0         0.332321
78.0         0.508682
78.0         0.508682
78.0         0.508682
74.0         0.425865
67.0         0.379895
67.0         0.379895
67.0         0.380088
67.0         0.380088
67.0         0.380088
67.0         0.413866
67.0         0.413866
62.0         0.516574
62.0         0.516574
62.0         0.516574
62.0         0.516574
59.0         0.374772
59.0         0.374772
65.0         0.464736
60.0         0.493383
59.0         0.374701
61.0         0.358991
59.0         0.361319
74.0         0.384911
59.0         0.361714
59.0         0.361714
59.0         0.361714
59.0         0.361714
59.0         0.361714
59.0         0.361714
60.0         0.550327
54.0         0.322426
59.0         0.378833
57.0         0.340052
52.0         0.365545
52.0         0.365545
57.0         0.340052
63.0         0.525963
67.0         0.486204
69.0         0.328069
66.0         0.400507
60.0         0.347453
60.0         0.347453
69.0         0.328069
69.0         0.327978
73.0         0.507612
65.0         0.518562
65.0         0.516982
66.0         0.487234
75.0         0.357436
74.0         0.383653
68.0         0.479982
68.0         0.480592
75.0         0.357436
66.0         0.487234
75.0         0.357436
68.0         0.480592
65.0         0.521187
60.0         0.343174
66.0         0.563604
59.0         0.468989
65.0         0.505393
56.0         0.393792
59.0         0.609694
59.0         0.609694
60.0         0.571366
53.0         0.332881
60.0         0.571366
60.0         0.57128
65.0         0.529839
51.0         0.38852
60.0         0.57128
65.0         0.513686
65.0         0.513686
55.0         0.556102
60.0         0.597942
66.0         0.473901
65.0         0.30216
66.0         0.28279
72.0         0.308941
66.0         0.282827
44.0         0.336669
59.0         0.347797
59.0         0.347797
62.0         0.336043
60.0         0.268331
65.0         0.355834
65.0         0.321257
65.0         0.321257
66.0         0.273832
65.0         0.355627
60.0         0.268616
65.0         0.355627
62.0         0.310241
64.0         0.355114
51.0         0.419487
51.0         0.421044
47.0         0.355536
51.0         0.421044
51.0         0.421044
47.0         0.355536
51.0         0.421895
51.0         0.421044
51.0         0.421044
51.0         0.421044
51.0         0.421895
51.0         0.421895
49.0         0.335038
51.0         0.42224
49.0         0.335038
51.0         0.42224
46.0         0.441436
47.0         0.389053
47.0         0.354622
48.0         0.524162
47.0         0.389092
47.0         0.389053
51.0         0.421895
50.0         0.454477
57.0         0.341375
46.0         0.506888
52.0         0.421768
54.0         0.353669
50.0         0.501259
47.0         0.450302
43.0         0.517422
48.0         0.385052
43.0         0.517663
43.0         0.517663
46.0         0.514095
48.0         0.444578
43.0         0.517529
47.0         0.451404
47.0         0.451404
43.0         0.517806
43.0         0.518025
43.0         0.518025
48.0         0.428114
54.0         0.385001
53.0         0.430648
53.0         0.647858
64.0         0.559391
55.0         0.316052
54.0         0.395182
53.0         0.387765
54.0         0.395182
54.0         0.395182
54.0         0.394501
54.0         0.393696
54.0         0.394501
56.0         0.341865
56.0         0.33659
56.0         0.341676
56.0         0.341676
56.0         0.34129
58.0         0.317974
54.0         0.372218
58.0         0.317974
56.0         0.341865
56.0         0.340512
54.0         0.372157
56.0         0.340235
56.0         0.317652
56.0         0.340235
53.0         0.397304
56.0         0.340235
56.0         0.340512
53.0         0.397304
54.0         0.372157
56.0         0.340235
56.0         0.317652
56.0         0.317652
54.0         0.372755
56.0         0.339833
56.0         0.339618
56.0         0.339618
55.0         0.33532
53.0         0.397233
56.0         0.339618
56.0         0.339279
58.0         0.314596
51.0         0.436915
54.0         0.37179
53.0         0.561475
51.0         0.436875
60.0         0.370152
53.0         0.561475
48.0         0.406778
60.0         0.370152
48.0         0.406778
61.0         0.498778
51.0         0.437061
61.0         0.498778
51.0         0.437459
60.0         0.293888
56.0         0.302709
51.0         0.437334
61.0         0.498954
67.0         0.447681
67.0         0.447057
64.0         0.351281
57.0         0.43111
67.0         0.446187
64.0         0.351281
53.0         0.501039
62.0         0.266655
51.0         0.498283
57.0         0.557673
55.0         0.29335
59.0         0.290037
53.0         0.331312
57.0         0.285082
55.0         0.293768
57.0         0.557673
62.0         0.332133
64.0         0.272712
55.0         0.345311
60.0         0.376624
60.0         0.376454
55.0         0.387512
57.0         0.285082
59.0         0.290037
55.0         0.387512
62.0         0.332133
61.0         0.373845
57.0         0.396763
56.0         0.466081
57.0         0.565277
59.0         0.336877
61.0         0.315166
69.0         0.514821
60.0         0.328267
59.0         0.278819
60.0         0.28815
62.0         0.310645
59.0         0.278474
59.0         0.278474
62.0         0.310645
68.0         0.379026
61.0         0.51881
69.0         0.46002
69.0         0.46002
64.0         0.550288
68.0         0.508355
73.0         0.404609
63.0         0.359854
64.0         0.380512
64.0         0.379739
67.0         0.302141
64.0         0.572473
63.0         0.549989
65.0         0.545075
65.0         0.545075
61.0         0.420189
64.0         0.380978
74.0         0.261109
61.0         0.566502
65.0         0.539481
74.0         0.261109
65.0         0.539481
65.0         0.539481
58.0         0.442738
61.0         0.566502
74.0         0.261109
66.0         0.536008
66.0         0.535867
58.0         0.442738
74.0         0.261109
63.0         0.559913
66.0         0.536008
65.0         0.538759
63.0         0.400138
64.0         0.393529
59.0         0.449961
64.0         0.503309
58.0         0.459155
68.0         0.532199
65.0         0.537117
65.0         0.538803
63.0         0.417055
63.0         0.417055
61.0         0.307808
62.0         0.422872
63.0         0.417055
61.0         0.307808
61.0         0.307808
62.0         0.422682
63.0         0.417055
63.0         0.417055
63.0         0.417055
65.0         0.5383
65.0         0.5383
54.0         0.583584
53.0         0.513785
54.0         0.584468
54.0         0.585078
54.0         0.585078
50.0         0.567653
55.0         0.483687
56.0         0.434503
56.0         0.434322
56.0         0.435162
56.0         0.436105
56.0         0.433438
56.0         0.436105
56.0         0.434322
56.0         0.434322
56.0         0.434322
58.0         0.390283
60.0         0.440924
60.0         0.44367
74.0         0.346946
71.0         0.395363
68.0         0.567817
70.0         0.323923
68.0         0.567817
65.0         0.332451
68.0         0.448645
59.0         0.532622
59.0         0.533113
67.0         0.451985
62.0         0.536201
61.0         0.502501
61.0         0.50214
62.0         0.500096
75.0         0.478969
72.0         0.397979
63.0         0.404801
63.0         0.509856
72.0         0.397979
75.0         0.478969
75.0         0.478969
61.0         0.502918
64.0         0.507031
63.0         0.509346
64.0         0.480747
71.0         0.378762
64.0         0.480747
68.0         0.430138
59.0         0.297445
64.0         0.48043
68.0         0.430138
73.0         0.371162
68.0         0.439795
68.0         0.439795
78.0         0.426282
72.0         0.389415
64.0         0.298876
67.0         0.348814
78.0         0.471818
65.0         0.280104
69.0         0.392941
61.0         0.328513
63.0         0.444388
77.0         0.406111
74.0         0.49411
78.0         0.471818
65.0         0.273784
61.0         0.328513
65.0         0.280104
65.0         0.280553
65.0         0.280399
64.0         0.413905
58.0         0.40968
64.0         0.298135
67.0         0.349206
65.0         0.342723
70.0         0.2733
65.0         0.342723
69.0         0.402542
61.0         0.37275
66.0         0.560164
66.0         0.503588
57.0         0.412587
60.0         0.433538
57.0         0.440506
66.0         0.518357
68.0         0.567642
58.0         0.302534
67.0         0.442288
60.0         0.346114
70.0         0.442208
70.0         0.443004
70.0         0.443004
62.0         0.375427
64.0         0.440772
61.0         0.554189
62.0         0.374987
39.0         0.524158
41.0         0.595203
39.0         0.524506
41.0         0.595203
34.0         0.746165
64.0         0.411848
64.0         0.383727
66.0         0.404265
62.0         0.449877
56.0         0.338199
61.0         0.4129
61.0         0.414815
56.0         0.338199
67.0         0.378102
61.0         0.388196
64.0         0.443142
70.0         0.455201
72.0         0.397508
54.0         0.388629
62.0         0.345296
67.0         0.438846
62.0         0.335212
67.0         0.467314
54.0         0.388629
57.0         0.346822
53.0         0.412323
70.0         0.465989
74.0         0.507354
74.0         0.507354
73.0         0.464312
67.0         0.375692
65.0         0.366906
71.0         0.42152
68.0         0.325798
68.0         0.325798
63.0         0.400842
69.0         0.529627
62.0         0.423387
74.0         0.401515
64.0         0.59387
77.0         0.441135
74.0         0.482757
70.0         0.403457
70.0         0.402952
70.0         0.402952
59.0         0.329099
61.0         0.46346
78.0         0.468514
73.0         0.381902
73.0         0.381902
64.0         0.594731
64.0         0.594731
67.0         0.394659
67.0         0.394659
73.0         0.426949
70.0         0.438136
72.0         0.254569
72.0         0.444265
72.0         0.444265
72.0         0.397039
79.0         0.481706
78.0         0.526296
78.0         0.526296
75.0         0.522713
69.0         0.420879
74.0         0.514537
76.0         0.338534
66.0         0.298196
66.0         0.298196
66.0         0.298196
66.0         0.298196
66.0         0.298196
66.0         0.298196
66.0         0.298196
63.0         0.28101
63.0         0.28101
63.0         0.28101
59.0         0.309408
57.0         0.354489
61.0         0.328681
57.0         0.355618
57.0         0.353903
57.0         0.353903
57.0         0.353903
57.0         0.35322
61.0         0.339717
59.0         0.325349
59.0         0.325256
61.0         0.265971
59.0         0.325256
74.0         0.512863
74.0         0.512863
74.0         0.512863
74.0         0.512863
74.0         0.512863
74.0         0.512863
79.0         0.47236
74.0         0.512863
74.0         0.512863
74.0         0.512863
74.0         0.512863
74.0         0.512863
74.0         0.512863
59.0         0.325251
59.0         0.325251
57.0         0.330049
63.0         0.392508
76.0         0.508786
76.0         0.508551
75.0         0.48225
75.0         0.48225
54.0         0.327589
54.0         0.327886
54.0         0.326797
54.0         0.327589
54.0         0.326797
56.0         0.316531
61.0         0.298783
75.0         0.48225
61.0         0.266809
57.0         0.356562
70.0         0.306299
75.0         0.270688
75.0         0.270688
68.0         0.346099
64.0         0.266323
59.0         0.299278
59.0         0.299278
63.0         0.526709
63.0         0.526709
63.0         0.526709
62.0         0.528793
63.0         0.527003
63.0         0.527003
63.0         0.526709
63.0         0.526709
58.0         0.545841
62.0         0.545544
63.0         0.526411
70.0         0.336508
72.0         0.38126
61.0         0.366533
64.0         0.27979
70.0         0.290715
61.0         0.474035
61.0         0.474338
53.0         0.497839
60.0         0.330811
58.0         0.310929
58.0         0.311738
51.0         0.517267
56.0         0.315417
57.0         0.329217
62.0         0.432301
66.0         0.304375
66.0         0.304375
61.0         0.305345
68.0         0.288848
73.0         0.424341
73.0         0.424341
63.0         0.479295
60.0         0.292652
63.0         0.479136
66.0         0.586675
66.0         0.586675
56.0         0.529967
52.0         0.408076
52.0         0.408076
61.0         0.342659
56.0         0.442325
58.0         0.449699
61.0         0.342137
53.0         0.450022
59.0         0.329738
58.0         0.449699
53.0         0.450022
57.0         0.382704
54.0         0.430453
73.0         0.499963
57.0         0.382745
64.0         0.321185
58.0         0.43485
56.0         0.554889
60.0         0.508122
60.0         0.508214
51.0         0.498428
60.0         0.466837
66.0         0.428954
60.0         0.466837
48.0         0.420442
59.0         0.547529
63.0         0.351661
63.0         0.351661
51.0         0.418271
51.0         0.418271
51.0         0.418271
51.0         0.418271
52.0         0.579822
48.0         0.340401
53.0         0.423461
53.0         0.423461
53.0         0.423461
67.0         0.422297
62.0         0.29656
67.0         0.422297
62.0         0.29656
67.0         0.422297
62.0         0.29656
63.0         0.316215
67.0         0.422297
58.0         0.594733
58.0         0.594733
58.0         0.594733
51.0         0.418074
53.0         0.447978
51.0         0.418074
51.0         0.418074
51.0         0.418074
55.0         0.460831
51.0         0.418074
53.0         0.347942
53.0         0.347942
53.0         0.347942
53.0         0.347942
56.0         0.417809
59.0         0.404875
63.0         0.377825
59.0         0.358705
57.0         0.404961
53.0         0.325849
70.0         0.513522
66.0         0.451918
58.0         0.346916
58.0         0.346916
62.0         0.394595
60.0         0.285872
68.0         0.296346
62.0         0.394055
62.0         0.394595
55.0         0.407762
55.0         0.410797
55.0         0.410024
55.0         0.410024
55.0         0.409473
51.0         0.423847
55.0         0.410797
52.0         0.442057
59.0         0.43863
59.0         0.380739
59.0         0.380739
59.0         0.380739
57.0         0.394126
53.0         0.318292
53.0         0.318292
53.0         0.318276
53.0         0.318276
51.0         0.366146
63.0         0.575202
53.0         0.399017
56.0         0.377896
48.0         0.327591
51.0         0.366146
48.0         0.327591
51.0         0.365577
52.0         0.41473
52.0         0.371631
50.0         0.439269
50.0         0.439115
52.0         0.37131
52.0         0.37131
50.0         0.439115
52.0         0.371631
50.0         0.439115
52.0         0.371732
51.0         0.365381
51.0         0.365381
48.0         0.32705
50.0         0.439115
51.0         0.403461
57.0         0.652458
55.0         0.391965
55.0         0.391965
59.0         0.345517
59.0         0.344223
59.0         0.344223
61.0         0.352033
68.0         0.516628
68.0         0.516628
68.0         0.516589
60.0         0.430478
66.0         0.491062
66.0         0.465504
67.0         0.402522
59.0         0.433575
56.0         0.376706
59.0         0.433575
56.0         0.376706
59.0         0.433575
56.0         0.376706
59.0         0.433575
56.0         0.377412
52.0         0.377185
59.0         0.433575
56.0         0.376257
61.0         0.379674
53.0         0.320152
53.0         0.320232
53.0         0.320152
53.0         0.320152
61.0         0.379674
53.0         0.320232
53.0         0.320152
53.0         0.320232
61.0         0.379674
61.0         0.379674
61.0         0.379674
63.0         0.402207
60.0         0.422865
57.0         0.533232
52.0         0.309654
54.0         0.400005
54.0         0.400005
54.0         0.400903
51.0         0.321522
52.0         0.409632
54.0         0.400903
54.0         0.301272
54.0         0.400903
51.0         0.319437
57.0         0.381726
54.0         0.317643
51.0         0.34957
57.0         0.380787
57.0         0.381465
56.0         0.383909
50.0         0.318716
64.0         0.303287
56.0         0.383909
52.0         0.302817
56.0         0.383909
50.0         0.337527
62.0         0.470544
62.0         0.470544
62.0         0.470544
62.0         0.617426
62.0         0.470544
59.0         0.392671
52.0         0.42
51.0         0.586445
51.0         0.586445
48.0         0.312922
46.0         0.355637
41.0         0.393419
41.0         0.392815
41.0         0.393419
46.0         0.355637
46.0         0.344598
46.0         0.37265
50.0         0.324071
50.0         0.324071
50.0         0.324071
56.0         0.38083
56.0         0.38083
53.0         0.383285
43.0         0.354867
47.0         0.347414
64.0         0.431998
54.0         0.339468
62.0         0.535798
54.0         0.339858
54.0         0.339468
74.0         0.434085
58.0         0.420514
57.0         0.474918
58.0         0.613155
58.0         0.613155
48.0         0.322188
50.0         0.314978
49.0         0.358317
53.0         0.370018
58.0         0.515881
46.0         0.326938
51.0         0.374419
51.0         0.374419
46.0         0.326852
51.0         0.374247
57.0         0.508834
57.0         0.508834
51.0         0.374419
52.0         0.416427
53.0         0.306465
52.0         0.416427
52.0         0.416427
52.0         0.416427
52.0         0.41734
52.0         0.41734
52.0         0.41734
52.0         0.41734
47.0         0.330285
52.0         0.417085
52.0         0.41734
56.0         0.374038
42.0         0.405102
57.0         0.368247
54.0         0.388127
54.0         0.355453
54.0         0.444858
57.0         0.363329
56.0         0.374846
40.0         0.442433
50.0         0.492803
50.0         0.492803
50.0         0.492803
50.0         0.492803
50.0         0.492803
50.0         0.492803
50.0         0.492803
50.0         0.492803
52.0         0.40741
42.0         0.356588
45.0         0.342608
45.0         0.342608
54.0         0.439214
63.0         0.423418
43.0         0.358401
46.0         0.358761
54.0         0.352606
58.0         0.400378
58.0         0.400629
57.0         0.442689
57.0         0.442751
63.0         0.272462
57.0         0.455156
57.0         0.321681
62.0         0.356617
57.0         0.456303
57.0         0.455108
51.0         0.614009
47.0         0.557374
55.0         0.476865
58.0         0.401722
46.0         0.56458
46.0         0.566299
52.0         0.335225
52.0         0.482759
52.0         0.482759
50.0         0.356379
53.0         0.319918
56.0         0.301377
56.0         0.302014
56.0         0.300874
57.0         0.299707
51.0         0.347826
51.0         0.347866
57.0         0.282507
50.0         0.350564
53.0         0.345145
62.0         0.467547
63.0         0.424075
65.0         0.560454
50.0         0.464578
55.0         0.479765
47.0         0.373194
68.0         0.351963
48.0         0.567191
62.0         0.392532
56.0         0.47843
54.0         0.489984
51.0         0.488225
54.0         0.479801
56.0         0.415593
58.0         0.416527
58.0         0.416527
58.0         0.416527
56.0         0.415401
55.0         0.392126
58.0         0.416527
58.0         0.416527
56.0         0.415401
56.0         0.415401
56.0         0.415401
52.0         0.356424
51.0         0.400822
50.0         0.344613
52.0         0.367312
52.0         0.363285
68.0         0.455876
68.0         0.455876
65.0         0.395674
65.0         0.395674
56.0         0.413164
61.0         0.346825
55.0         0.41424
67.0         0.506346
67.0         0.506346
64.0         0.57379
56.0         0.288009
60.0         0.555601
54.0         0.411157
60.0         0.553032
63.0         0.481637
64.0         0.496819
56.0         0.285728
56.0         0.286634
65.0         0.458703
56.0         0.289036
62.0         0.580671
57.0         0.299684
56.0         0.285437
56.0         0.431671
55.0         0.313293
52.0         0.463427
52.0         0.463427
52.0         0.399745
44.0         0.546714
46.0         0.518939
46.0         0.520405
51.0         0.496658
53.0         0.6108
49.0         0.409008
48.0         0.479282
48.0         0.479282
48.0         0.479479
48.0         0.479479
48.0         0.479731
48.0         0.50734
49.0         0.468974
40.0         0.588459
49.0         0.468974
49.0         0.468974
49.0         0.470691
49.0         0.472404
42.0         0.670455
48.0         0.482816
50.0         0.614311
52.0         0.320887
47.0         0.500733
50.0         0.614575
49.0         0.633136
44.0         0.329109
44.0         0.329039
44.0         0.329054
44.0         0.329109
44.0         0.328718
44.0         0.328718
41.0         0.460626
51.0         0.467849
51.0         0.467811
51.0         0.467811
51.0         0.467849
48.0         0.32967
48.0         0.32967
51.0         0.468196
48.0         0.32967
48.0         0.329356
48.0         0.332899
58.0         0.604717
48.0         0.476713
51.0         0.313282
42.0         0.55812
46.0         0.698329
43.0         0.549855
54.0         0.316186
48.0         0.364136
49.0         0.392797
49.0         0.392797
49.0         0.544051
48.0         0.379459
47.0         0.346385
48.0         0.402097
45.0         0.393134
46.0         0.394435
45.0         0.521025
46.0         0.394435
48.0         0.671962
39.0         0.559156
41.0         0.548952
54.0         0.386926
55.0         0.417919
50.0         0.509229
53.0         0.591828
46.0         0.433666
46.0         0.430937
49.0         0.482761
53.0         0.316383
53.0         0.315917
60.0         0.375928
63.0         0.365677
61.0         0.324335
60.0         0.375928
62.0         0.330142
65.0         0.407019
65.0         0.407019
63.0         0.452328
60.0         0.29915
64.0         0.404726
64.0         0.404726
62.0         0.328398
62.0         0.328398
60.0         0.508116
60.0         0.508116
55.0         0.386476
60.0         0.299698
55.0         0.415333
57.0         0.436092
62.0         0.354187
57.0         0.435309
57.0         0.436092
54.0         0.426858
61.0         0.586958
54.0         0.485401
54.0         0.418111
55.0         0.370396
58.0         0.445067
52.0         0.370817
55.0         0.369573
52.0         0.370597
52.0         0.370325
52.0         0.370543
55.0         0.372158
55.0         0.371704
67.0         0.465007
60.0         0.457708
60.0         0.45712
51.0         0.618082
65.0         0.378112
57.0         0.362984
53.0         0.613209
55.0         0.646694
46.0         0.530199
39.0         0.492171
59.0         0.464982
60.0         0.472483
60.0         0.472483
62.0         0.560326
60.0         0.552626
58.0         0.601211
59.0         0.430626
69.0         0.468022
64.0         0.525488
65.0         0.567802
63.0         0.470909
65.0         0.278393
63.0         0.470909
60.0         0.332704
62.0         0.404284
60.0         0.438948
66.0         0.43257
66.0         0.43257
71.0         0.558603
65.0         0.29225
71.0         0.298592
69.0         0.298977
71.0         0.247146
68.0         0.417705
66.0         0.433935
76.0         0.2798
66.0         0.433935
66.0         0.433812
72.0         0.294463
69.0         0.420312
71.0         0.316341
59.0         0.475915
65.0         0.306791
65.0         0.306791
65.0         0.306791
59.0         0.475915
65.0         0.306791
65.0         0.306944
59.0         0.477511
59.0         0.477511
58.0         0.440481
60.0         0.38952
57.0         0.36241
70.0         0.476063
80.0         0.213304
75.0         0.321988
75.0         0.321988
70.0         0.476063
75.0         0.321988
75.0         0.321988
50.0         0.45473
45.0         0.567307
48.0         0.677275
42.0         0.437945
42.0         0.437822
50.0         0.506814
49.0         0.408686
50.0         0.415152
47.0         0.428092
57.0         0.345625
51.0         0.341818
57.0         0.345625
57.0         0.345625
39.0         0.643093
40.0         0.524201
38.0         0.74142
55.0         0.587311
47.0         0.347903
59.0         0.464244
60.0         0.527484
54.0         0.472336
52.0         0.49335
46.0         0.399306
41.0         0.485338
41.0         0.485241
46.0         0.499216
43.0         0.559144
41.0         0.485375
48.0         0.446715
64.0         0.371358
48.0         0.446719
41.0         0.625504
54.0         0.657417
41.0         0.625461
54.0         0.460681
47.0         0.570668
54.0         0.460136
61.0         0.414867
39.0         0.676612
39.0         0.676612
59.0         0.572835
41.0         0.62658
61.0         0.561147
48.0         0.356786
65.0         0.48455
48.0         0.356786
66.0         0.559951
54.0         0.383917
55.0         0.356812
55.0         0.356812
64.0         0.481603
44.0         0.330419
44.0         0.330419
54.0         0.320099
54.0         0.320099
54.0         0.320099
54.0         0.320099
53.0         0.316629
44.0         0.330419
44.0         0.330419
44.0         0.330419
44.0         0.330419
54.0         0.331293
53.0         0.649801
53.0         0.649801
48.0         0.44556
41.0         0.731888
53.0         0.33885
41.0         0.731888
49.0         0.350666
49.0         0.350666
52.0         0.358047
46.0         0.506579
54.0         0.615445
48.0         0.358717
54.0         0.615445
66.0         0.570288
51.0         0.59353
54.0         0.615445
48.0         0.482839
51.0         0.593967
49.0         0.557954
49.0         0.553322
54.0         0.380775
54.0         0.380775
51.0         0.349212
51.0         0.349212
49.0         0.553322
49.0         0.605217
49.0         0.605217
62.0         0.532771
58.0         0.425599
58.0         0.425599
58.0         0.424464
58.0         0.479615
58.0         0.479615
55.0         0.443241
53.0         0.353869
53.0         0.492339
55.0         0.413864
53.0         0.354083
47.0         0.55966
52.0         0.328161
52.0         0.593609
52.0         0.59301
51.0         0.606507
49.0         0.640645
54.0         0.301214
57.0         0.358671
55.0         0.373121
55.0         0.373121
55.0         0.373121
61.0         0.506825
55.0         0.373121
58.0         0.561386
58.0         0.561386
51.0         0.602735
56.0         0.471989
55.0         0.536045
58.0         0.592507
55.0         0.443528
55.0         0.517351
58.0         0.592758
54.0         0.333449
45.0         0.620801
45.0         0.622035
45.0         0.618721
45.0         0.618721
58.0         0.289689
54.0         0.337515
54.0         0.337879
47.0         0.584912
58.0         0.288848
47.0         0.585641
47.0         0.586397
56.0         0.504823
56.0         0.504823
53.0         0.565417
53.0         0.565417
53.0         0.565321
50.0         0.456918
57.0         0.388526
49.0         0.46368
49.0         0.462436
58.0         0.435485
49.0         0.463757
49.0         0.462935
43.0         0.404294
50.0         0.457248
50.0         0.609524
54.0         0.400013
53.0         0.391389
59.0         0.285428
52.0         0.45432
53.0         0.352031
53.0         0.352031
60.0         0.266925
49.0         0.39676
52.0         0.453901
50.0         0.568627
50.0         0.568627
54.0         0.442911
54.0         0.442911
58.0         0.459835
58.0         0.459835
58.0         0.459835
57.0         0.569801
52.0         0.498736
50.0         0.614982
56.0         0.349777
53.0         0.571331
50.0         0.614982
51.0         0.516726
50.0         0.404723
50.0         0.404723
58.0         0.366164
58.0         0.365199
58.0         0.366164
58.0         0.365199
51.0         0.515935
61.0         0.618335
55.0         0.368537
55.0         0.368537
55.0         0.368537
55.0         0.368884
61.0         0.618335
53.0         0.401435
45.0         0.337767
59.0         0.420417
61.0         0.48863
61.0         0.340811
61.0         0.34127
61.0         0.48863
58.0         0.395926
59.0         0.50088
61.0         0.457937
54.0         0.443781
66.0         0.295158
54.0         0.443781
54.0         0.443781
59.0         0.352045
54.0         0.459841
57.0         0.432882
54.0         0.460473
61.0         0.378196
54.0         0.459604
47.0         0.446234
54.0         0.460355
54.0         0.460355
54.0         0.460212
57.0         0.434256
46.0         0.501176
49.0         0.452311
49.0         0.452078
49.0         0.452348
49.0         0.452267
51.0         0.614463
54.0         0.614266
53.0         0.441711
51.0         0.615181
53.0         0.352231
51.0         0.439958
53.0         0.352231
51.0         0.615181
44.0         0.434508
41.0         0.427442
44.0         0.434508
44.0         0.434508
41.0         0.427442
51.0         0.615181
51.0         0.615181
48.0         0.664774
43.0         0.52055
46.0         0.546861
48.0         0.463569
45.0         0.327765
49.0         0.585641
45.0         0.327765
50.0         0.445899
48.0         0.52766
49.0         0.362088
58.0         0.610804
46.0         0.436648
46.0         0.360111
49.0         0.362088
43.0         0.406666
50.0         0.446732
49.0         0.362088
43.0         0.406666
45.0         0.328419
43.0         0.406666
43.0         0.406666
47.0         0.666076
43.0         0.407248
43.0         0.407191
43.0         0.407248
43.0         0.407191
47.0         0.666076
43.0         0.408655
43.0         0.406147
43.0         0.405692
45.0         0.327632
43.0         0.406147
45.0         0.327632
43.0         0.406147
47.0         0.665193
47.0         0.665193
43.0         0.406147
43.0         0.406147
43.0         0.409972
47.0         0.697866
45.0         0.375157
49.0         0.645241
51.0         0.560238
46.0         0.542439
53.0         0.478084
53.0         0.478084
53.0         0.478534
52.0         0.460917
56.0         0.33222
64.0         0.319387
68.0         0.479441
73.0         0.39944
73.0         0.39944
65.0         0.381419
62.0         0.449395
62.0         0.449046
54.0         0.499226
56.0         0.383954
72.0         0.388115
66.0         0.361277
70.0         0.35121
63.0         0.50022
56.0         0.411456
61.0         0.473115
58.0         0.300608
55.0         0.540926
41.0         0.620562
41.0         0.507883
41.0         0.620276
45.0         0.57965
50.0         0.566225
46.0         0.636204
42.0         0.587787
36.0         0.736051
36.0         0.736051
36.0         0.736051
46.0         0.425619
49.0         0.503924
39.0         0.643675
45.0         0.560992
56.0         0.539118
56.0         0.539118
47.0         0.588367
47.0         0.588367
52.0         0.496187
52.0         0.496187
56.0         0.61066
55.0         0.413062
55.0         0.413062
53.0         0.421133
46.0         0.394504
47.0         0.524436
57.0         0.455864
44.0         0.412968
51.0         0.428979
41.0         0.41132
44.0         0.408504
46.0         0.403671
50.0         0.409264
58.0         0.481521
43.0         0.451827
41.0         0.479009
42.0         0.470516 