66.0         0.560578
62.0         0.417776
67.0         0.362211
61.0         0.42469
59.0         0.37511
56.0         0.470214
59.0         0.494456
70.0         0.551779
70.0         0.499459
62.0         0.495727
68.0         0.287413
70.0         0.252115
74.0         0.302099
70.0         0.50581
75.0         0.414682
75.0         0.415349
78.0         0.393271
73.0         0.236044
73.0         0.236044
71.0         0.508904
71.0         0.39088
65.0         0.534381
67.0         0.487699
66.0         0.530807
66.0         0.530807
70.0         0.451702
63.0         0.532198
61.0         0.380478
62.0         0.326363
58.0         0.35317
65.0         0.393095
69.0         0.295256
60.0         0.421091
61.0         0.494257
62.0         0.389502
58.0         0.445831
62.0         0.450337
57.0         0.355047
44.0         0.52365
52.0         0.572704
63.0         0.400484
59.0         0.601525
57.0         0.619712
57.0         0.64985
54.0         0.665472
57.0         0.651321
60.0         0.588185
57.0         0.651777
49.0         0.535478
62.0         0.53387
61.0         0.333516
54.0         0.49864
61.0         0.493782
59.0         0.413895
60.0         0.403095
63.0         0.48135
58.0         0.450112
48.0         0.575961
56.0         0.291724
54.0         0.360113
51.0         0.346357
51.0         0.345042
64.0         0.606494
60.0         0.467147
60.0         0.46725
52.0         0.35816
58.0         0.463551
63.0         0.448195
52.0         0.490058
49.0         0.675335
79.0         0.499301
79.0         0.499301
76.0         0.529458
48.0         0.403801
48.0         0.403488
53.0         0.436542
54.0         0.512587
55.0         0.592691
45.0         0.401161
60.0         0.510317
48.0         0.456449
47.0         0.447255
57.0         0.475247
56.0         0.339397
61.0         0.326988
66.0         0.49547
69.0         0.357427
75.0         0.22658
60.0         0.381392
63.0         0.543407
66.0         0.502412
68.0         0.500487
65.0         0.378412
72.0         0.356918
72.0         0.356918
72.0         0.356918
61.0         0.483571
57.0         0.484116
58.0         0.403372
54.0         0.397607
54.0         0.397607
53.0         0.516935
54.0         0.504391
50.0         0.444348
58.0         0.302111
60.0         0.42835
60.0         0.428601
53.0         0.375075
53.0         0.33593
53.0         0.373563
55.0         0.354434
56.0         0.450966
54.0         0.358968
54.0         0.359135
55.0         0.617351
55.0         0.429604
57.0         0.400384
60.0         0.627051
60.0         0.62724
58.0         0.619329
58.0         0.619391
58.0         0.619517
62.0         0.580339
59.0         0.492864
59.0         0.492864
62.0         0.437264
62.0         0.437264
62.0         0.437264
62.0         0.437264
66.0         0.522879
66.0         0.522879
54.0         0.430791
64.0         0.506581
65.0         0.587339
62.0         0.573424
62.0         0.573424
64.0         0.567996
62.0         0.567257
54.0         0.473242
64.0         0.507119
61.0         0.437397
62.0         0.364483
38.0         0.672257
57.0         0.45995
32.0         0.701993
65.0         0.48036
67.0         0.39753
63.0         0.440477
59.0         0.570606
41.0         0.366341
43.0         0.338091
43.0         0.338091
41.0         0.366404
41.0         0.366808
41.0         0.342856
34.0         0.659062
34.0         0.659062
32.0         0.73857
32.0         0.72549
43.0         0.420927
45.0         0.426204
61.0         0.484712
65.0         0.506126
60.0         0.558931
56.0         0.334858
57.0         0.476251
57.0         0.476465
57.0         0.494473
57.0         0.476251
57.0         0.413721
59.0         0.525082
57.0         0.413721
57.0         0.413721
55.0         0.348512
52.0         0.392021
68.0         0.586863
67.0         0.300018
67.0         0.427281
78.0         0.508682
78.0         0.508682
78.0         0.508682
78.0         0.508682
74.0         0.425865
78.0         0.508682
78.0         0.508682
78.0         0.508682
67.0         0.379895
67.0         0.379895
67.0         0.380088
62.0         0.516574
62.0         0.516574
62.0         0.516574
62.0         0.516574
62.0         0.516574
62.0         0.516574
59.0         0.37445
59.0         0.361714
59.0         0.361714
63.0         0.563565
63.0         0.563565
60.0         0.550327
54.0         0.322426
63.0         0.525963
69.0         0.564519
73.0         0.461963
63.0         0.452193
69.0         0.328069
70.0         0.544814
65.0         0.521613
74.0         0.383653
65.0         0.521187
65.0         0.521187
65.0         0.521187
65.0         0.521187
74.0         0.383653
75.0         0.357436
65.0         0.521187
70.0         0.363885
62.0         0.516358
76.0         0.344485
59.0         0.609627
59.0         0.609694
59.0         0.609694
64.0         0.547804
64.0         0.547804
64.0         0.352528
64.0         0.352528
72.0         0.549439
72.0         0.549439
62.0         0.511628
62.0         0.511628
60.0         0.59796
60.0         0.370604
62.0         0.553879
72.0         0.485882
69.0         0.465616
60.0         0.354503
60.0         0.355102
59.0         0.347797
59.0         0.347797
62.0         0.3375
78.0         0.277515
64.0         0.35422
51.0         0.421895
46.0         0.441436
50.0         0.501259
43.0         0.517422
43.0         0.517529
51.0         0.352211
48.0         0.433646
53.0         0.387765
56.0         0.33659
56.0         0.33659
54.0         0.372157
56.0         0.339618
54.0         0.371849
51.0         0.436875
51.0         0.437334
61.0         0.498954
71.0         0.558455
71.0         0.558455
59.0         0.506215
57.0         0.398336
62.0         0.266655
62.0         0.266286
57.0         0.557673
55.0         0.387512
59.0         0.336674
59.0         0.336877
61.0         0.315166
62.0         0.315485
63.0         0.415512
61.0         0.31485
59.0         0.336568
68.0         0.566914
59.0         0.336911
59.0         0.337194
59.0         0.278819
61.0         0.380363
59.0         0.279286
62.0         0.310728
67.0         0.501375
58.0         0.380929
65.0         0.545075
65.0         0.545296
65.0         0.539481
63.0         0.543032
61.0         0.437224
63.0         0.417055
54.0         0.585652
57.0         0.630951
56.0         0.433438
62.0         0.441599
63.0         0.393152
65.0         0.455999
60.0         0.429186
62.0         0.53647
62.0         0.536201
75.0         0.478969
61.0         0.502918
65.0         0.280636
65.0         0.280636
62.0         0.373377
66.0         0.560612
66.0         0.560612
66.0         0.560612
66.0         0.560702
49.0         0.545418
62.0         0.60123
66.0         0.503588
58.0         0.307503
55.0         0.305352
56.0         0.524024
62.0         0.442569
67.0         0.442288
62.0         0.395707
70.0         0.443004
64.0         0.441978
62.0         0.449877
62.0         0.478581
67.0         0.467314
74.0         0.507952
74.0         0.507354
70.0         0.409599
58.0         0.448642
63.0         0.400842
68.0         0.327202
69.0         0.52887
66.0         0.420554
73.0         0.38738
73.0         0.38738
74.0         0.401515
81.0         0.39145
64.0         0.59387
81.0         0.39145
64.0         0.59387
65.0         0.593381
65.0         0.593381
79.0         0.422977
78.0         0.391932
65.0         0.593813
81.0         0.39145
81.0         0.39145
79.0         0.422977
79.0         0.422977
58.0         0.521307
64.0         0.59387
81.0         0.39145
81.0         0.39145
81.0         0.39145
64.0         0.59387
85.0         0.454179
77.0         0.441208
77.0         0.441135
85.0         0.454179
79.0         0.421979
79.0         0.496225
79.0         0.421979
64.0         0.593618
70.0         0.403457
70.0         0.402952
70.0         0.402952
70.0         0.402952
70.0         0.402952
70.0         0.402952
70.0         0.402952
70.0         0.402952
70.0         0.402952
70.0         0.402952
70.0         0.402952
69.0         0.526322
69.0         0.526322
69.0         0.526322
69.0         0.526322
69.0         0.526322
62.0         0.50969
78.0         0.468514
78.0         0.468514
78.0         0.468514
78.0         0.468514
73.0         0.381902
66.0         0.578498
70.0         0.438115
70.0         0.438115
72.0         0.444265
72.0         0.444265
79.0         0.481706
79.0         0.481706
73.0         0.531887
70.0         0.453038
66.0         0.298196
66.0         0.298855
72.0         0.476506
57.0         0.353903
57.0         0.353903
59.0         0.325349
59.0         0.325349
74.0         0.512863
76.0         0.505131
61.0         0.265971
74.0         0.512863
74.0         0.512863
79.0         0.508658
74.0         0.512863
74.0         0.512863
74.0         0.512863
74.0         0.512863
74.0         0.512863
74.0         0.512863
74.0         0.512863
74.0         0.512863
79.0         0.473002
74.0         0.512863
74.0         0.513235
74.0         0.512863
74.0         0.512863
74.0         0.512863
74.0         0.512863
74.0         0.512863
74.0         0.512863
74.0         0.512863
74.0         0.512863
74.0         0.512863
59.0         0.325251
79.0         0.47312
72.0         0.495342
63.0         0.392508
86.0         0.201904
56.0         0.318124
56.0         0.31827
57.0         0.356562
70.0         0.286101
80.0         0.429506
70.0         0.306074
70.0         0.286822
62.0         0.528958
62.0         0.528958
63.0         0.526709
67.0         0.323183
66.0         0.299487
66.0         0.299194
66.0         0.298202
61.0         0.473784
58.0         0.311032
58.0         0.311738
60.0         0.267133
51.0         0.517267
51.0         0.517267
51.0         0.517267
58.0         0.338999
54.0         0.671565
57.0         0.329217
51.0         0.507261
51.0         0.507261
61.0         0.441878
73.0         0.424341
57.0         0.309355
58.0         0.276323
58.0         0.448717
58.0         0.449699
53.0         0.450022
61.0         0.464893
63.0         0.470012
59.0         0.56195
55.0         0.605624
59.0         0.547529
48.0         0.420442
51.0         0.418271
65.0         0.501722
65.0         0.501722
65.0         0.501722
65.0         0.501722
67.0         0.422297
58.0         0.594733
59.0         0.56388
53.0         0.447978
56.0         0.417809
56.0         0.418348
61.0         0.539511
61.0         0.336016
67.0         0.570393
61.0         0.293815
60.0         0.285872
62.0         0.394595
50.0         0.459677
55.0         0.406844
52.0         0.440944
55.0         0.407762
57.0         0.394126
57.0         0.394126
52.0         0.371631
55.0         0.391965
59.0         0.344223
59.0         0.344223
68.0         0.517204
68.0         0.517204
51.0         0.405421
51.0         0.405587
58.0         0.424786
64.0         0.500017
61.0         0.379674
61.0         0.379674
61.0         0.379674
60.0         0.422865
52.0         0.309423
52.0         0.309216
54.0         0.400409
57.0         0.381465
53.0         0.346929
55.0         0.347924
59.0         0.392563
62.0         0.470544
59.0         0.392671
59.0         0.392671
52.0         0.42
50.0         0.609761
56.0         0.38083
62.0         0.326613
56.0         0.38083
59.0         0.31493
59.0         0.31493
61.0         0.397781
67.0         0.242732
58.0         0.43003
52.0         0.418209
57.0         0.474918
53.0         0.370018
51.0         0.374419
54.0         0.414583
51.0         0.374419
54.0         0.414583
54.0         0.414583
54.0         0.414583
54.0         0.414583
54.0         0.414583
52.0         0.41734
52.0         0.41734
52.0         0.416948
52.0         0.41734
52.0         0.41734
54.0         0.413777
56.0         0.382945
51.0         0.357704
50.0         0.492803
45.0         0.342608
45.0         0.342608
45.0         0.342608
43.0         0.358401
51.0         0.445545
54.0         0.550266
54.0         0.406085
60.0         0.47254
55.0         0.418001
60.0         0.47254
57.0         0.321681
58.0         0.431996
56.0         0.461315
50.0         0.391625
56.0         0.462528
56.0         0.462528
54.0         0.421022
46.0         0.564856
46.0         0.566353
48.0         0.559164
53.0         0.349621
52.0         0.482759
50.0         0.356379
56.0         0.301377
56.0         0.300874
59.0         0.483129
59.0         0.483129
62.0         0.451916
63.0         0.424075
52.0         0.321268
68.0         0.543253
59.0         0.448423
71.0         0.327007
71.0         0.327007
63.0         0.450941
65.0         0.348403
60.0         0.444324
60.0         0.443982
60.0         0.444809
62.0         0.431968
65.0         0.381612
48.0         0.600873
53.0         0.578188
63.0         0.392602
65.0         0.407342
62.0         0.392971
59.0         0.426229
59.0         0.426229
56.0         0.37927
48.0         0.679882
59.0         0.494035
56.0         0.478456
54.0         0.489984
51.0         0.65857
57.0         0.427809
55.0         0.392126
56.0         0.415879
58.0         0.416527
52.0         0.3671
53.0         0.366772
53.0         0.367133
68.0         0.455876
65.0         0.525374
64.0         0.387077
65.0         0.395956
65.0         0.396212
65.0         0.396212
56.0         0.413164
60.0         0.278053
53.0         0.420772
55.0         0.41424
57.0         0.377635
60.0         0.405502
58.0         0.38077
62.0         0.616546
59.0         0.633881
62.0         0.615488
62.0         0.616641
62.0         0.615488
64.0         0.573565
64.0         0.573446
63.0         0.575987
56.0         0.288009
54.0         0.411157
62.0         0.562853
63.0         0.481419
57.0         0.298238
63.0         0.582445
62.0         0.580671
71.0         0.559228
71.0         0.559056
71.0         0.559056
52.0         0.463427
67.0         0.577539
46.0         0.521047
46.0         0.520405
54.0         0.432077
53.0         0.649502
49.0         0.407385
51.0         0.511978
51.0         0.511978
48.0         0.479282
48.0         0.445194
41.0         0.436223
50.0         0.614311
45.0         0.607099
45.0         0.443034
49.0         0.633136
44.0         0.620191
51.0         0.467849
51.0         0.467849
51.0         0.514485
51.0         0.514595
51.0         0.515341
48.0         0.332599
52.0         0.522414
58.0         0.604717
58.0         0.604717
49.0         0.392797
52.0         0.52192
49.0         0.392797
47.0         0.346385
45.0         0.691669
51.0         0.582187
49.0         0.630797
52.0         0.619738
45.0         0.649178
51.0         0.582187
52.0         0.619474
50.0         0.643831
55.0         0.464912
48.0         0.663404
54.0         0.386859
54.0         0.386859
49.0         0.483885
60.0         0.429686
61.0         0.427128
57.0         0.567554
54.0         0.422339
55.0         0.369934
54.0         0.368329
52.0         0.370543
58.0         0.446415
52.0         0.370543
54.0         0.369471
54.0         0.368949
63.0         0.569015
69.0         0.427163
63.0         0.568675
69.0         0.427249
69.0         0.427249
69.0         0.427249
67.0         0.465007
50.0         0.556077
61.0         0.511284
55.0         0.646604
46.0         0.530095
73.0         0.344685
49.0         0.408605
68.0         0.395016
39.0         0.491696
57.0         0.600569
58.0         0.600022
62.0         0.560474
60.0         0.552626
57.0         0.604787
65.0         0.525068
63.0         0.587961
63.0         0.587783
65.0         0.517633
60.0         0.615128
60.0         0.403398
65.0         0.364059
71.0         0.521813
66.0         0.43257
66.0         0.43257
66.0         0.43257
66.0         0.281147
65.0         0.29225
71.0         0.298592
76.0         0.409547
81.0         0.282672
68.0         0.417705
76.0         0.2798
71.0         0.279961
71.0         0.286331
65.0         0.452008
61.0         0.439222
59.0         0.475915
59.0         0.475915
59.0         0.475915
65.0         0.306791
66.0         0.46589
75.0         0.455575
45.0         0.415298
52.0         0.594758
43.0         0.530669
47.0         0.661445
47.0         0.661445
42.0         0.437822
48.0         0.408928
48.0         0.486284
56.0         0.521185
47.0         0.429654
56.0         0.521185
52.0         0.4709
54.0         0.470901
47.0         0.483053
43.0         0.559406
41.0         0.485338
54.0         0.582998
64.0         0.371358
64.0         0.371358
47.0         0.506545
41.0         0.625461
39.0         0.676612
41.0         0.62658
48.0         0.357706
59.0         0.583986
60.0         0.539067
51.0         0.471749
54.0         0.584547
54.0         0.584547
54.0         0.584547
54.0         0.584547
54.0         0.584547
56.0         0.299656
54.0         0.331734
41.0         0.731285
51.0         0.643784
51.0         0.643784
41.0         0.731285
41.0         0.731285
41.0         0.731888
41.0         0.731888
49.0         0.350666
51.0         0.59451
51.0         0.59451
51.0         0.59463
49.0         0.604204
51.0         0.593967
51.0         0.471955
52.0         0.593065
51.0         0.594347
49.0         0.557954
48.0         0.482879
49.0         0.553408
60.0         0.587956
60.0         0.587956
53.0         0.531579
49.0         0.605217
52.0         0.474877
52.0         0.365321
53.0         0.592539
51.0         0.614688
51.0         0.614688
51.0         0.459537
51.0         0.666031
51.0         0.666031
48.0         0.703789
45.0         0.61825
45.0         0.61825
52.0         0.328161
51.0         0.665942
48.0         0.703372
52.0         0.328161
52.0         0.593609
56.0         0.530632
49.0         0.640428
61.0         0.507546
56.0         0.348915
53.0         0.542563
53.0         0.542563
58.0         0.592961
56.0         0.500035
61.0         0.556921
54.0         0.333449
47.0         0.584554
47.0         0.584912
53.0         0.532255
56.0         0.504823
55.0         0.519822
54.0         0.512786
49.0         0.463123
49.0         0.463123
55.0         0.345265
54.0         0.400282
57.0         0.569801
50.0         0.568627
50.0         0.614982
58.0         0.365882
58.0         0.430312
58.0         0.363233
57.0         0.391618
57.0         0.568937
57.0         0.434256
49.0         0.452202
51.0         0.615181
51.0         0.615181
49.0         0.362088
45.0         0.3275
49.0         0.362088
46.0         0.360111
43.0         0.406666
43.0         0.406147
49.0         0.645778
53.0         0.478077
53.0         0.478084
51.0         0.560858
48.0         0.462911
64.0         0.43571
67.0         0.346619
64.0         0.320575
64.0         0.320575
67.0         0.328566
69.0         0.413555
58.0         0.583601
48.0         0.571588
66.0         0.361277
70.0         0.351562
63.0         0.500394
63.0         0.50022
52.0         0.414062
56.0         0.457819
45.0         0.672586
41.0         0.507883
44.0         0.626456
44.0         0.454767
41.0         0.620396
40.0         0.625002
42.0         0.587787
45.0         0.399736
36.0         0.736051
49.0         0.504176
47.0         0.43198
49.0         0.504225
39.0         0.643758
46.0         0.570484
53.0         0.386697
51.0         0.582235
51.0         0.4681
52.0         0.467406
55.0         0.413062
37.0         0.528955
59.0         0.564486
59.0         0.564486
51.0         0.44845
51.0         0.448309
49.0         0.343086
53.0         0.421331
53.0         0.421331
45.0         0.720706
54.0         0.579712
46.0         0.403671
41.0         0.479009
49.0         0.562137