89.0         0.767606
89.0         0.76446
88.0         0.720474
89.0         0.726521
94.0         0.721329
96.0         0.77093
93.0         0.720715
91.0         0.734972
91.0         0.734972
94.0         0.708856
85.0         0.744978
91.0         0.728747
90.0         0.768647
90.0         0.739948
83.0         0.725442
85.0         0.812603
86.0         0.830842
75.0         0.779244
91.0         0.786348
90.0         0.754906
83.0         0.697786
95.0         0.818704
87.0         0.854954
83.0         0.767754
90.0         0.680062
87.0         0.744687
89.0         0.569067
91.0         0.609479
86.0         0.752911
97.0         0.602238
81.0         0.729701
89.0         0.633114
89.0         0.633114
89.0         0.633114
89.0         0.697602
91.0         0.712796
86.0         0.565407
90.0         0.658231
90.0         0.658231
87.0         0.782853
98.0         0.763971
95.0         0.700907
83.0         0.738741
89.0         0.61073
86.0         0.75696
86.0         0.749724
96.0         0.633844
96.0         0.646201
90.0         0.717411
96.0         0.784067
91.0         0.732166
82.0         0.620173
83.0         0.803685
85.0         0.652329
91.0         0.764619
89.0         0.617565
97.0         0.732083
99.0         0.458643
90.0         0.730818
87.0         0.703927
81.0         0.808834
88.0         0.747371
77.0         0.78606
96.0         0.721768
89.0         0.678518
101.0         0.738143
97.0         0.759238
88.0         0.627628
88.0         0.627628
93.0         0.60449
86.0         0.61911
86.0         0.61911
83.0         0.685467
88.0         0.649963
113.0         0.538341
105.0         0.671556
98.0         0.660308
90.0         0.723492
100.0         0.675926
93.0         0.678223
87.0         0.794394
86.0         0.784789
98.0         0.564094
106.0         0.579861
102.0         0.719434
91.0         0.63513
100.0         0.653693
93.0         0.718083
96.0         0.693266
95.0         0.701009
83.0         0.743802
84.0         0.802444
82.0         0.658175
85.0         0.734522
79.0         0.741696
98.0         0.716388
96.0         0.569139
95.0         0.730793
100.0         0.644746
88.0         0.781378
80.0         0.885858
99.0         0.71512
84.0         0.840054
75.0         0.834867
105.0         0.631932
89.0         0.84912
90.0         0.845556
81.0         0.733005
86.0         0.64375
89.0         0.675035
94.0         0.579962
78.0         0.838182
99.0         0.687805
99.0         0.687805
88.0         0.694496
86.0         0.712071
82.0         0.754141
102.0         0.679882
96.0         0.58534
106.0         0.592688
107.0         0.579277
79.0         0.688913
81.0         0.789434
85.0         0.753
93.0         0.735712
91.0         0.738634
87.0         0.733443
90.0         0.714491
94.0         0.687867
100.0         0.72688
94.0         0.544364
99.0         0.590795
76.0         0.732826
102.0         0.573446
99.0         0.639191
98.0         0.51986
100.0         0.568404
92.0         0.685779
89.0         0.779842
92.0         0.749074
86.0         0.73336
86.0         0.808841
87.0         0.702977
82.0         0.721909
101.0         0.699755
95.0         0.618088
116.0         0.454842
116.0         0.454842
102.0         0.566191
108.0         0.5219
108.0         0.5219
99.0         0.625651
87.0         0.666393
90.0         0.61014
101.0         0.700232
88.0         0.688009
85.0         0.658548
86.0         0.718618
87.0         0.655822
90.0         0.712254
96.0         0.642077
85.0         0.620768
89.0         0.657176
85.0         0.620768
84.0         0.73976
84.0         0.691202
93.0         0.611805
87.0         0.675193
86.0         0.850098
80.0         0.808114
80.0         0.79975
92.0         0.766219
80.0         0.824262
80.0         0.824262
76.0         0.798654
99.0         0.696681
92.0         0.657285
98.0         0.728618
88.0         0.674811
104.0         0.580788
95.0         0.69729
94.0         0.72659
97.0         0.678596
88.0         0.679989
109.0         0.548805
94.0         0.645115
100.0         0.670133
92.0         0.66029
90.0         0.716579
81.0         0.795388
84.0         0.677694
83.0         0.73993
81.0         0.760962
93.0         0.737956
84.0         0.782117
80.0         0.754153
77.0         0.739105
85.0         0.777786
77.0         0.738969
89.0         0.695444
92.0         0.795495
83.0         0.706551
81.0         0.709276
90.0         0.71649
90.0         0.71649
77.0         0.893436
81.0         0.669325
95.0         0.764099
96.0         0.674127
98.0         0.634427
95.0         0.728585
78.0         0.76158
73.0         0.775824
81.0         0.80205
88.0         0.758413
91.0         0.748409
76.0         0.775728
82.0         0.759299
88.0         0.717915
78.0         0.781941
71.0         0.802594
84.0         0.822378
76.0         0.872855
76.0         0.773645
89.0         0.648759
80.0         0.772739
90.0         0.714286
75.0         0.831707
96.0         0.715126
87.0         0.720932
86.0         0.696876
88.0         0.732808
84.0         0.799943
74.0         0.874757
78.0         0.809069
89.0         0.668996
91.0         0.72546
73.0         0.797309
73.0         0.797309
97.0         0.692104
96.0         0.67236
97.0         0.612535
107.0         0.565804
102.0         0.706174
83.0         0.698158
83.0         0.706104
88.0         0.692976
89.0         0.705116
110.0         0.59787
88.0         0.626772
110.0         0.59787
86.0         0.628394
96.0         0.69057
85.0         0.689383
94.0         0.660126
96.0         0.731416
96.0         0.82626
87.0         0.630071
97.0         0.689789
97.0         0.60816
95.0         0.683463
106.0         0.536713
92.0         0.711224
95.0         0.62781
98.0         0.579883
83.0         0.648719
92.0         0.674555
90.0         0.626669
92.0         0.543843
94.0         0.671767
79.0         0.771538
76.0         0.85194
94.0         0.738857
79.0         0.832719
81.0         0.889719
79.0         0.878867
81.0         0.738089
95.0         0.781955
91.0         0.758895
92.0         0.629139
92.0         0.707704
85.0         0.682641
81.0         0.696568
97.0         0.794446
98.0         0.769541
87.0         0.688193
89.0         0.8012
89.0         0.8012
83.0         0.796923
82.0         0.85226
76.0         0.813317
85.0         0.714773
88.0         0.721552
84.0         0.706041
89.0         0.687145
99.0         0.657613
95.0         0.690943
91.0         0.722361
91.0         0.722291
96.0         0.735285
85.0         0.648434
91.0         0.675375
92.0         0.636012
78.0         0.804399
97.0         0.756032
94.0         0.747895
93.0         0.695295
84.0         0.767746
94.0         0.854967
87.0         0.751854
85.0         0.757319
84.0         0.702717
90.0         0.827094
81.0         0.81597
94.0         0.819586
79.0         0.742851
97.0         0.805518
86.0         0.572926
92.0         0.637808
87.0         0.750842
87.0         0.801479
95.0         0.7483
71.0         0.85587
87.0         0.930828
90.0         0.888162
87.0         0.930741
95.0         0.8263
90.0         0.888162
88.0         0.77493
85.0         0.807745
93.0         0.781354
93.0         0.781354
79.0         0.658499
100.0         0.759551
83.0         0.798372
83.0         0.798372
88.0         0.774296
89.0         0.606308
92.0         0.565513
84.0         0.629008
89.0         0.611719
92.0         0.751429
96.0         0.774112
98.0         0.750405
99.0         0.710517
98.0         0.750405
97.0         0.661545
98.0         0.70394
93.0         0.729505
83.0         0.69244
95.0         0.70524
86.0         0.681122
87.0         0.707979
81.0         0.877277
90.0         0.829483
84.0         0.793083
77.0         0.779398
90.0         0.79577
96.0         0.747101
90.0         0.779001
94.0         0.853523
89.0         0.836969
101.0         0.658699
89.0         0.800796
93.0         0.758187
96.0         0.738431
103.0         0.649676
98.0         0.733743
98.0         0.733743
82.0         0.713987
89.0         0.716777
90.0         0.759625
93.0         0.773795
89.0         0.730187
93.0         0.688994
90.0         0.719335
85.0         0.722701
93.0         0.746571
91.0         0.799414
87.0         0.802517
80.0         0.774399
80.0         0.774399
92.0         0.835069
83.0         0.756867
75.0         0.792181
75.0         0.792181
94.0         0.596665
84.0         0.695244
70.0         0.833208
89.0         0.68964
76.0         0.83035
85.0         0.755988
85.0         0.782725
78.0         0.874946
75.0         0.837077
88.0         0.787017
89.0         0.847445
93.0         0.647911
95.0         0.765191
76.0         0.838446
86.0         0.848549
75.0         0.839489
83.0         0.778583
82.0         0.792745
77.0         0.88061
79.0         0.900615
71.0         0.862016
75.0         0.824429
80.0         0.85914
76.0         0.788647
106.0         0.485532
83.0         0.734702
78.0         0.788262
78.0         0.808943
72.0         0.862831
84.0         0.874704
91.0         0.767651
83.0         0.785965
94.0         0.71382
94.0         0.71382
88.0         0.775903
86.0         0.676329
98.0         0.644581
88.0         0.630735
87.0         0.648302