85.0         0.736811
71.0         0.812344
74.0         0.829221
75.0         0.824417
74.0         0.829221
75.0         0.824417
78.0         0.762182
80.0         0.831523
79.0         0.799133
80.0         0.831298
78.0         0.861766
82.0         0.816713
85.0         0.809023
88.0         0.734235
87.0         0.640145
83.0         0.857863
85.0         0.809094
81.0         0.872281
88.0         0.725911
85.0         0.747627
84.0         0.696458
83.0         0.809719
97.0         0.727159
93.0         0.720715
94.0         0.721329
85.0         0.634121
88.0         0.641925
85.0         0.634121
88.0         0.641925
85.0         0.634121
93.0         0.78498
93.0         0.78498
93.0         0.78498
93.0         0.78498
86.0         0.740039
86.0         0.740039
86.0         0.740039
86.0         0.740039
91.0         0.734972
86.0         0.740039
91.0         0.734972
94.0         0.708856
94.0         0.695463
94.0         0.708856
94.0         0.695463
93.0         0.613781
93.0         0.613781
98.0         0.594635
85.0         0.744978
82.0         0.747953
85.0         0.744978
86.0         0.786084
94.0         0.655405
83.0         0.761201
85.0         0.755215
69.0         0.873027
85.0         0.765443
84.0         0.731279
75.0         0.872214
89.0         0.764791
75.0         0.872329
90.0         0.739849
84.0         0.731424
79.0         0.7121
84.0         0.674966
80.0         0.780522
82.0         0.649959
83.0         0.725442
86.0         0.68206
84.0         0.723452
83.0         0.848133
86.0         0.833733
85.0         0.842791
82.0         0.828573
80.0         0.829653
83.0         0.848133
85.0         0.85033
83.0         0.79567
81.0         0.802434
82.0         0.793842
76.0         0.740863
73.0         0.805336
73.0         0.805656
82.0         0.614499
75.0         0.774601
75.0         0.774601
73.0         0.805336
76.0         0.740912
88.0         0.818695
72.0         0.826495
72.0         0.826495
74.0         0.798668
74.0         0.798668
76.0         0.752629
88.0         0.698398
70.0         0.814794
76.0         0.752576
74.0         0.783079
81.0         0.751954
78.0         0.773088
81.0         0.751954
85.0         0.72052
70.0         0.788999
83.0         0.697813
83.0         0.697786
83.0         0.711576
82.0         0.723257
87.0         0.854954
82.0         0.735955
85.0         0.79873
96.0         0.72065
83.0         0.796705
89.0         0.82504
83.0         0.796705
88.0         0.776868
103.0         0.513818
89.0         0.716702
90.0         0.527771
83.0         0.661508
87.0         0.744687
85.0         0.72338
86.0         0.695519
85.0         0.716039
94.0         0.683952
98.0         0.680376
94.0         0.637728
89.0         0.685288
91.0         0.644518
88.0         0.688128
94.0         0.619903
86.0         0.658993
87.0         0.680996
99.0         0.778508
97.0         0.602238
74.0         0.768644
99.0         0.778508
97.0         0.66707
87.0         0.689928
75.0         0.731168
85.0         0.671333
75.0         0.731168
99.0         0.778508
74.0         0.768644
80.0         0.793792
80.0         0.793771
82.0         0.660118
90.0         0.598222
85.0         0.657152
89.0         0.633114
77.0         0.742294
90.0         0.599281
77.0         0.742294
85.0         0.677241
88.0         0.638947
90.0         0.599281
85.0         0.677241
88.0         0.60475
81.0         0.688765
82.0         0.741155
83.0         0.828113
89.0         0.721468
94.0         0.776599
82.0         0.802336
94.0         0.776599
84.0         0.735178
84.0         0.752067
84.0         0.751862
84.0         0.780925
74.0         0.775966
89.0         0.697602
91.0         0.849307
89.0         0.697602
75.0         0.794309
80.0         0.830381
77.0         0.792909
80.0         0.830381
100.0         0.752108
97.0         0.762625
74.0         0.809925
94.0         0.79164
81.0         0.701084
98.0         0.655983
86.0         0.602072
81.0         0.701084
82.0         0.654551
87.0         0.7941
90.0         0.711298
89.0         0.680188
84.0         0.728221
89.0         0.679993
87.0         0.741524
86.0         0.720091
84.0         0.763603
91.0         0.700304
89.0         0.72042
89.0         0.680072
97.0         0.77089
90.0         0.67631
87.0         0.741524
86.0         0.716439
98.0         0.67896
98.0         0.67896
81.0         0.744655
86.0         0.749011
80.0         0.726216
77.0         0.811919
84.0         0.744274
79.0         0.690665
103.0         0.661487
91.0         0.675375
92.0         0.734997
94.0         0.732264
87.0         0.653743
77.0         0.726282
87.0         0.779454
101.0         0.544036
107.0         0.585835
100.0         0.622029
77.0         0.726282
87.0         0.653743
87.0         0.726847
79.0         0.787643
81.0         0.769237
87.0         0.768064
77.0         0.726123
88.0         0.689208
72.0         0.787982
85.0         0.811549
85.0         0.811549
91.0         0.706146
70.0         0.819398
85.0         0.730259
79.0         0.801572
91.0         0.706146
82.0         0.778641
91.0         0.706146
87.0         0.773908
80.0         0.756172
84.0         0.848931
76.0         0.819487
86.0         0.819403
95.0         0.688566
87.0         0.805896
87.0         0.75549
97.0         0.567422
92.0         0.737171
102.0         0.597529
96.0         0.742922
94.0         0.749489
88.0         0.603093
80.0         0.704798
85.0         0.674179
91.0         0.596709
89.0         0.715854
78.0         0.772488
94.0         0.689118
99.0         0.753076
98.0         0.695271
88.0         0.72425
97.0         0.632803
91.0         0.623675
93.0         0.654927
87.0         0.615567
89.0         0.645248
87.0         0.646321
98.0         0.570779
99.0         0.723896
92.0         0.6456
79.0         0.768194
71.0         0.778843
71.0         0.778843
87.0         0.697931
72.0         0.803841
85.0         0.786243
81.0         0.808893
89.0         0.644928
81.0         0.765891
89.0         0.626344
94.0         0.638571
89.0         0.644928
88.0         0.606913
89.0         0.644928
89.0         0.644928
89.0         0.626344
86.0         0.68472
83.0         0.770292
71.0         0.83803
81.0         0.763283
82.0         0.805714
79.0         0.777437
74.0         0.765884
73.0         0.840736
77.0         0.78597
88.0         0.767599
84.0         0.797425
91.0         0.591752
94.0         0.696142
87.0         0.781167
74.0         0.765884
86.0         0.754548
77.0         0.840474
78.0         0.833598
97.0         0.809776
77.0         0.840474
77.0         0.786096
88.0         0.711133
89.0         0.773027
80.0         0.794612
83.0         0.750394
83.0         0.780613
80.0         0.817933
84.0         0.786739
77.0         0.786096
90.0         0.696165
95.0         0.5664
76.0         0.8175
78.0         0.804362
94.0         0.690113
95.0         0.599492
77.0         0.694321
90.0         0.65459
96.0         0.727555
77.0         0.772519
88.0         0.627261
93.0         0.60449
90.0         0.621099
104.0         0.66408
89.0         0.627888
100.0         0.580853
86.0         0.61911
86.0         0.61911
86.0         0.61911
77.0         0.786664
87.0         0.639156
81.0         0.679873
81.0         0.666876
88.0         0.639612
88.0         0.649963
87.0         0.56035
96.0         0.663528
86.0         0.661274
83.0         0.685467
87.0         0.56035
87.0         0.560074
113.0         0.538341
88.0         0.633564
105.0         0.635259
99.0         0.535799
96.0         0.679324
102.0         0.615893
96.0         0.679324
99.0         0.535799
90.0         0.723492
96.0         0.688632
93.0         0.708448
85.0         0.663003
88.0         0.617072
95.0         0.72749
93.0         0.777103
81.0         0.663983
81.0         0.663983
90.0         0.635638
79.0         0.774721
97.0         0.546755
79.0         0.774721
97.0         0.546755
89.0         0.811446
75.0         0.838032
71.0         0.824315
68.0         0.842857
88.0         0.826026
90.0         0.618657
93.0         0.717501
98.0         0.687861
87.0         0.70207
102.0         0.654919
82.0         0.700581
84.0         0.705635
79.0         0.738873
77.0         0.859242
79.0         0.811203
89.0         0.713114
84.0         0.802444
83.0         0.704416
79.0         0.781291
82.0         0.776221
82.0         0.776221
74.0         0.734743
86.0         0.598408
93.0         0.671712
83.0         0.660609
82.0         0.667004
81.0         0.82106
80.0         0.918591
93.0         0.630646
73.0         0.790957
76.0         0.911067
83.0         0.660609
93.0         0.630646
82.0         0.744177
75.0         0.872153
80.0         0.818243
80.0         0.818243
81.0         0.855073
81.0         0.752146
84.0         0.665872
87.0         0.82596
87.0         0.826105
70.0         0.847669
82.0         0.846824
75.0         0.863916
77.0         0.829873
79.0         0.85063
73.0         0.839439
98.0         0.738434
83.0         0.838162
86.0         0.654202
92.0         0.784587
73.0         0.839439
98.0         0.738434
90.0         0.614666
93.0         0.616354
91.0         0.700636
95.0         0.68197
87.0         0.670792
89.0         0.752989
98.0         0.67373
77.0         0.779948
81.0         0.756698
81.0         0.732682
88.0         0.748676
94.0         0.645078
79.0         0.710381
78.0         0.764038
83.0         0.755783
75.0         0.81873
88.0         0.731885
87.0         0.752225
91.0         0.64634
78.0         0.797351
91.0         0.64634
96.0         0.613639
87.0         0.73997
82.0         0.792343
77.0         0.846502
86.0         0.800993
86.0         0.719527
86.0         0.740619
90.0         0.584763
96.0         0.637737
96.0         0.765029
93.0         0.664688
89.0         0.686558
75.0         0.80347
81.0         0.809941
95.0         0.656693
102.0         0.373033
93.0         0.789304
108.0         0.398032
82.0         0.719663
96.0         0.585197
96.0         0.58534
93.0         0.684907
105.0         0.553079
105.0         0.552587
99.0         0.490771
105.0         0.552587
106.0         0.551291
96.0         0.575896
107.0         0.579277
92.0         0.651536
93.0         0.699186
89.0         0.645009
86.0         0.648718
98.0         0.728618
82.0         0.695206
80.0         0.780522
83.0         0.735542
84.0         0.731424
82.0         0.695343
70.0         0.829298
73.0         0.82534
77.0         0.719054
84.0         0.731498
73.0         0.82534
84.0         0.731424
81.0         0.831493
83.0         0.737221
86.0         0.734366
84.0         0.73153
85.0         0.740131
81.0         0.831511
76.0         0.778082
81.0         0.778888
76.0         0.778082
81.0         0.831511
92.0         0.702346
80.0         0.822572
81.0         0.789325
94.0         0.818649
92.0         0.702237
80.0         0.822572
81.0         0.789514
81.0         0.789514
85.0         0.774701
81.0         0.789325
80.0         0.822572
77.0         0.785793
79.0         0.688913
78.0         0.827718
79.0         0.688913
81.0         0.789434
80.0         0.822572
92.0         0.702237
73.0         0.844423
89.0         0.687668
74.0         0.811693
94.0         0.480174
81.0         0.631615
82.0         0.761757
82.0         0.622912
89.0         0.614975
85.0         0.752442
85.0         0.650342
82.0         0.623168
83.0         0.773501
82.0         0.622912
82.0         0.62301
84.0         0.744561
84.0         0.71966
109.0         0.583503
86.0         0.688127
81.0         0.700226
99.0         0.608249
79.0         0.748125
84.0         0.718983
99.0         0.608571
91.0         0.502336
93.0         0.637697
91.0         0.602046
77.0         0.736267
99.0         0.583286
87.0         0.696981
93.0         0.575732
97.0         0.554488
101.0         0.665457
94.0         0.543998
94.0         0.544259
87.0         0.55718
86.0         0.64196
92.0         0.634662
94.0         0.575995
83.0         0.715717
89.0         0.573076
80.0         0.694222
76.0         0.732826
89.0         0.643951
84.0         0.725136
83.0         0.741185
88.0         0.699024
82.0         0.729552
94.0         0.662766
92.0         0.658865
89.0         0.548277
94.0         0.624649
87.0         0.562004
89.0         0.564495
94.0         0.622947
88.0         0.574489
88.0         0.574489
97.0         0.644238
96.0         0.697137
95.0         0.60415
96.0         0.677014
97.0         0.683637
90.0         0.750866
69.0         0.811762
101.0         0.628166
99.0         0.590066
77.0         0.855705
75.0         0.85487
98.0         0.634694
100.0         0.738154
95.0         0.63368
82.0         0.734475
94.0         0.679696
94.0         0.679763
90.0         0.783741
93.0         0.777355
89.0         0.796926
94.0         0.687517
83.0         0.823069
79.0         0.861342
82.0         0.793484
75.0         0.785503
84.0         0.779008
90.0         0.768558
87.0         0.616319
90.0         0.616013
90.0         0.555154
92.0         0.594315
90.0         0.581967
93.0         0.622525
93.0         0.622525
116.0         0.454842
108.0         0.536837
88.0         0.646288
108.0         0.536837
89.0         0.652854
93.0         0.738919
108.0         0.601031
97.0         0.676421
85.0         0.693211
99.0         0.539801
86.0         0.691678
98.0         0.623869
87.0         0.666393
84.0         0.711697
83.0         0.76363
88.0         0.609376
82.0         0.723268
89.0         0.668064
92.0         0.594347
88.0         0.573791
92.0         0.578536
96.0         0.669858
91.0         0.681622
93.0         0.589225
87.0         0.65976
99.0         0.661338
87.0         0.71647
88.0         0.713596
83.0         0.679332
86.0         0.718618
87.0         0.655822
87.0         0.655822
90.0         0.695929
89.0         0.673976
89.0         0.695725
93.0         0.634595
90.0         0.710375
84.0         0.691171
93.0         0.611823
90.0         0.656421
89.0         0.616234
91.0         0.592153
87.0         0.628957
77.0         0.806726
82.0         0.845004
71.0         0.789493
80.0         0.808114
82.0         0.787396
85.0         0.780467
83.0         0.702765
82.0         0.809354
82.0         0.787396
81.0         0.795345
83.0         0.782421
85.0         0.780841
81.0         0.727513
86.0         0.82917
85.0         0.779424
89.0         0.758364
76.0         0.732662
87.0         0.624754
89.0         0.539375
81.0         0.747102
80.0         0.755778
89.0         0.539375
85.0         0.640247
81.0         0.727084
87.0         0.80502
79.0         0.672802
79.0         0.672802
81.0         0.724971
79.0         0.721602
92.0         0.669924
91.0         0.617569
91.0         0.54202
91.0         0.663772
91.0         0.663384
101.0         0.563196
91.0         0.706627
87.0         0.684643
89.0         0.682285
85.0         0.674191
96.0         0.7092
95.0         0.683699
95.0         0.660816
88.0         0.674715
98.0         0.612024
92.0         0.69974
93.0         0.695503
86.0         0.651754
95.0         0.749339
107.0         0.487265
85.0         0.648618
99.0         0.53431
92.0         0.668187
95.0         0.646405
101.0         0.674647
93.0         0.68599
96.0         0.704757
88.0         0.713877
90.0         0.711794
100.0         0.68707
90.0         0.687422
93.0         0.662805
90.0         0.687422
95.0         0.69729
95.0         0.69729
97.0         0.604465
82.0         0.735998
90.0         0.687422
102.0         0.673137
94.0         0.645115
93.0         0.65426
100.0         0.670133
95.0         0.643486
101.0         0.724183
79.0         0.760721
73.0         0.832875
73.0         0.853986
73.0         0.854086
74.0         0.826487
87.0         0.774295
80.0         0.786795
81.0         0.772071
80.0         0.787006
80.0         0.827599
78.0         0.810913
81.0         0.75039
81.0         0.772071
81.0         0.795388
80.0         0.803525
76.0         0.793133
87.0         0.665689
81.0         0.747528
78.0         0.809836
71.0         0.816734
87.0         0.689672
82.0         0.812882
91.0         0.695261
81.0         0.733826
81.0         0.759665
81.0         0.70383
84.0         0.731015
87.0         0.681309
81.0         0.695115
80.0         0.671488
75.0         0.738668
88.0         0.669068
91.0         0.768219
86.0         0.755407
94.0         0.724358
76.0         0.876391
83.0         0.812214
83.0         0.812214
81.0         0.760962
76.0         0.876391
78.0         0.873154
81.0         0.770547
90.0         0.594092
87.0         0.746842
87.0         0.78015
87.0         0.78015
86.0         0.732834
84.0         0.717339
82.0         0.787145
76.0         0.771029
77.0         0.738831
77.0         0.738985
84.0         0.705418
80.0         0.72888
80.0         0.753949
79.0         0.719538
86.0         0.731997
86.0         0.732454
90.0         0.799518
85.0         0.71428
86.0         0.768857
81.0         0.727911
78.0         0.740164
83.0         0.706579
85.0         0.697596
91.0         0.731359
90.0         0.716652
87.0         0.758806
90.0         0.71665
84.0         0.674593
84.0         0.674593
90.0         0.871517
74.0         0.778035
82.0         0.854682
91.0         0.829433
77.0         0.761627
77.0         0.761627
77.0         0.893436
72.0         0.834624
89.0         0.862354
72.0         0.834624
86.0         0.728717
83.0         0.791419
77.0         0.867821
76.0         0.727432
84.0         0.717625
80.0         0.807756
85.0         0.812603
79.0         0.798488
79.0         0.798488
86.0         0.830858
83.0         0.802866
83.0         0.802928
85.0         0.812603
83.0         0.802938
90.0         0.759887
83.0         0.824338
83.0         0.802928
76.0         0.737827
72.0         0.759856
85.0         0.812603
89.0         0.793966
90.0         0.759803
76.0         0.727849
83.0         0.802938
89.0         0.793966
79.0         0.778553
90.0         0.759803
84.0         0.837277
85.0         0.812603
83.0         0.844518
97.0         0.747497
94.0         0.777078
96.0         0.674127
94.0         0.777078
89.0         0.740153
99.0         0.751819
88.0         0.75925
83.0         0.712463
78.0         0.76158
92.0         0.717699
93.0         0.729903
87.0         0.653714
89.0         0.795284
90.0         0.725111
78.0         0.680984
82.0         0.675229
81.0         0.693799
83.0         0.691298
68.0         0.836343
84.0         0.778161
81.0         0.765355
88.0         0.819138
91.0         0.796726
77.0         0.867955
86.0         0.837868
86.0         0.837727
84.0         0.738091
88.0         0.717274
88.0         0.717274
81.0         0.704137
78.0         0.781911
69.0         0.80338
87.0         0.829598
83.0         0.785421
82.0         0.855893
85.0         0.845086
77.0         0.709088
85.0         0.800724
86.0         0.785738
92.0         0.718382
77.0         0.729219
92.0         0.72569
92.0         0.700173
77.0         0.719577
80.0         0.737915
89.0         0.648759
89.0         0.74353
90.0         0.765132
84.0         0.688816
81.0         0.761764
86.0         0.836345
75.0         0.831854
70.0         0.795681
82.0         0.726146
90.0         0.695801
82.0         0.736417
82.0         0.737394
82.0         0.736246
76.0         0.75453
82.0         0.816364
76.0         0.754385
91.0         0.648464
83.0         0.698248
86.0         0.696928
84.0         0.732111
88.0         0.733188
81.0         0.683389
89.0         0.800505
81.0         0.776244
85.0         0.731667
87.0         0.681861
89.0         0.66888
89.0         0.66888
83.0         0.714052
83.0         0.670165
82.0         0.691132
84.0         0.718421
83.0         0.670165
71.0         0.817414
91.0         0.725512
81.0         0.834161
80.0         0.7548
88.0         0.703319
89.0         0.709464
83.0         0.711887
93.0         0.667671
89.0         0.632547
86.0         0.598363
107.0         0.565804
71.0         0.836717
104.0         0.528101
93.0         0.598451
74.0         0.825635
107.0         0.565804
106.0         0.395237
108.0         0.27694
86.0         0.715675
84.0         0.708775
88.0         0.685313
94.0         0.666681
90.0         0.714374
82.0         0.674458
88.0         0.626772
95.0         0.608639
82.0         0.775216
96.0         0.69057
100.0         0.686085
93.0         0.661218
90.0         0.631661
103.0         0.607274
94.0         0.660126
86.0         0.723034
91.0         0.593327
100.0         0.663502
97.0         0.697341
89.0         0.695556
93.0         0.793434
86.0         0.605737
83.0         0.649116
85.0         0.647871
85.0         0.685168
87.0         0.670098
88.0         0.53678
85.0         0.632506
79.0         0.709642
97.0         0.718044
89.0         0.607809
86.0         0.638177
88.0         0.637785
92.0         0.632776
88.0         0.575243
83.0         0.69691
88.0         0.637785
82.0         0.670199
97.0         0.60816
88.0         0.632733
88.0         0.68054
90.0         0.704614
90.0         0.774524
87.0         0.685278
98.0         0.654108
88.0         0.551262
105.0         0.536132
99.0         0.687185
99.0         0.687197
94.0         0.720553
94.0         0.720553
109.0         0.47622
87.0         0.670819
85.0         0.657314
92.0         0.551932
90.0         0.600824
92.0         0.521603
77.0         0.689403
105.0         0.657966
98.0         0.579639
95.0         0.694843
87.0         0.603979
95.0         0.650992
95.0         0.694843
89.0         0.587842
83.0         0.662514
99.0         0.639123
97.0         0.6822
97.0         0.6822
92.0         0.623996
92.0         0.735502
81.0         0.67679
93.0         0.707562
102.0         0.71744
98.0         0.691787
90.0         0.746569
90.0         0.781813
87.0         0.557393
86.0         0.752136
89.0         0.576274
81.0         0.636888
94.0         0.684311
73.0         0.857825
79.0         0.832892
89.0         0.668584
80.0         0.738532
93.0         0.603805
78.0         0.812328
81.0         0.850367
80.0         0.770587
95.0         0.781897
87.0         0.673337
90.0         0.708426
85.0         0.68227
83.0         0.691682
93.0         0.579596
83.0         0.691682
87.0         0.673337
95.0         0.807955
93.0         0.579596
99.0         0.613769
96.0         0.731604
94.0         0.725352
95.0         0.62806
92.0         0.62881
92.0         0.660779
88.0         0.759788
89.0         0.667411
87.0         0.787358
98.0         0.704925
89.0         0.677493
77.0         0.844474
94.0         0.683576
87.0         0.717729
86.0         0.675105
85.0         0.682641
89.0         0.716244
87.0         0.706068
86.0         0.728404
83.0         0.751563
87.0         0.746001
81.0         0.696551
88.0         0.584849
85.0         0.694853
80.0         0.768888
88.0         0.806407
70.0         0.827498
83.0         0.796923
89.0         0.8012
73.0         0.86871
77.0         0.811654
74.0         0.818645
75.0         0.784784
85.0         0.714773
86.0         0.763264
80.0         0.777593
85.0         0.743182
89.0         0.687145
87.0         0.685835
99.0         0.679962
89.0         0.702063
85.0         0.703332
87.0         0.688765
87.0         0.688765
87.0         0.688917
86.0         0.705456
85.0         0.67037
91.0         0.722361
86.0         0.705456
86.0         0.705464
92.0         0.677073
83.0         0.669804
92.0         0.683472
87.0         0.630366
74.0         0.782291
94.0         0.732264
91.0         0.675375
79.0         0.690665
79.0         0.690665
89.0         0.690048
103.0         0.661487
74.0         0.782291
91.0         0.675375
79.0         0.690665
89.0         0.690048
92.0         0.716652
103.0         0.718111
83.0         0.693
92.0         0.636012
103.0         0.718111
74.0         0.818381
74.0         0.818381
74.0         0.818381
84.0         0.738364
78.0         0.804608
94.0         0.564083
84.0         0.738364
86.0         0.732836
88.0         0.716449
94.0         0.667878
92.0         0.750657
87.0         0.744657
94.0         0.758839
86.0         0.696566
87.0         0.679304
86.0         0.768312
73.0         0.761828
85.0         0.678616
91.0         0.762957
90.0         0.633486
86.0         0.643644
89.0         0.670542
87.0         0.650339
88.0         0.662974
90.0         0.614516
86.0         0.643611
90.0         0.614242
90.0         0.633486
90.0         0.633636
86.0         0.643644
88.0         0.662974
87.0         0.650339
89.0         0.647367
90.0         0.633636
88.0         0.662949
91.0         0.630554
86.0         0.643644
86.0         0.643332
87.0         0.589285
74.0         0.849516
79.0         0.82804
90.0         0.785844
90.0         0.705233
83.0         0.865587
88.0         0.72002
89.0         0.790558
90.0         0.70639
91.0         0.805009
84.0         0.758421
91.0         0.805094
87.0         0.70964
86.0         0.612226
90.0         0.6044
84.0         0.77439
77.0         0.839858
75.0         0.815691
84.0         0.588138
88.0         0.720123
85.0         0.812988
86.0         0.790592
91.0         0.767131
93.0         0.738355
70.0         0.844019
71.0         0.85587
90.0         0.888162
90.0         0.888162
83.0         0.8941
83.0         0.8941
78.0         0.867116
78.0         0.867147
77.0         0.739524
75.0         0.880947
87.0         0.930741
79.0         0.765682
84.0         0.830086
89.0         0.807019
85.0         0.807745
67.0         0.913182
87.0         0.722227
80.0         0.689387
80.0         0.794949
88.0         0.800974
81.0         0.681782
83.0         0.76444
82.0         0.785256
85.0         0.757753
81.0         0.681782
82.0         0.779004
88.0         0.743383
87.0         0.75079
85.0         0.757753
81.0         0.681875
100.0         0.759551
99.0         0.645008
100.0         0.759551
80.0         0.850484
80.0         0.802257
87.0         0.796805
83.0         0.798372
99.0         0.645008
86.0         0.815813
86.0         0.815813
75.0         0.835092
83.0         0.803811
84.0         0.801527
78.0         0.77673
73.0         0.813061
76.0         0.862946
74.0         0.809016
87.0         0.647892
83.0         0.606368
83.0         0.718976
86.0         0.570982
80.0         0.702074
89.0         0.649448
89.0         0.718054
84.0         0.647185
76.0         0.796623
78.0         0.780221
88.0         0.769968
81.0         0.748189
86.0         0.759353
76.0         0.775229
76.0         0.796623
79.0         0.780787
86.0         0.562576
97.0         0.71254
98.0         0.608533
101.0         0.686462
92.0         0.658658
101.0         0.619219
93.0         0.553969
101.0         0.619219
78.0         0.718694
95.0         0.552633
95.0         0.552633
84.0         0.746735
94.0         0.603477
78.0         0.691944
95.0         0.552742
95.0         0.552742
93.0         0.729505
85.0         0.832874
99.0         0.631507
83.0         0.69244
83.0         0.69244
68.0         0.816305
89.0         0.743326
68.0         0.816305
68.0         0.816305
93.0         0.729505
69.0         0.813172
71.0         0.877254
83.0         0.69244
75.0         0.918669
72.0         0.865089
76.0         0.885956
84.0         0.748215
72.0         0.857784
86.0         0.732333
92.0         0.658212
90.0         0.624182
95.0         0.656861
89.0         0.690982
95.0         0.538093
82.0         0.644875
97.0         0.712673
95.0         0.70524
96.0         0.757852
81.0         0.753791
82.0         0.745259
98.0         0.736948
85.0         0.766176
84.0         0.725729
81.0         0.717539
86.0         0.681006
82.0         0.669321
87.0         0.703291
88.0         0.643878
95.0         0.682097
95.0         0.682097
88.0         0.773486
79.0         0.866623
95.0         0.711737
100.0         0.636364
81.0         0.81602
94.0         0.819939
80.0         0.697005
84.0         0.6649
80.0         0.812356
77.0         0.779534
78.0         0.764359
80.0         0.697005
85.0         0.779321
87.0         0.704877
76.0         0.844224
93.0         0.743491
74.0         0.793203
86.0         0.779916
77.0         0.829166
86.0         0.819452
69.0         0.806381
82.0         0.843404
82.0         0.843404
97.0         0.69273
100.0         0.593752
87.0         0.708739
93.0         0.758187
96.0         0.738431
83.0         0.814553
84.0         0.835159
96.0         0.762304
85.0         0.706531
93.0         0.668692
89.0         0.666805
82.0         0.713987
82.0         0.714033
83.0         0.666266
80.0         0.702359
87.0         0.686486
89.0         0.676325
80.0         0.702359
82.0         0.714033
87.0         0.637781
89.0         0.716777
79.0         0.712891
93.0         0.704191
95.0         0.753471
87.0         0.734229
98.0         0.699654
85.0         0.65557
98.0         0.699654
80.0         0.722774
82.0         0.672193
80.0         0.720097
87.0         0.730169
97.0         0.516411
81.0         0.793567
93.0         0.63541
83.0         0.754067
82.0         0.714901
82.0         0.6899
83.0         0.735067
89.0         0.731293
96.0         0.595287
88.0         0.737678
81.0         0.720573
82.0         0.714901
84.0         0.73981
81.0         0.727738
79.0         0.744978
79.0         0.735109
90.0         0.650019
93.0         0.667965
94.0         0.749109
89.0         0.745987
85.0         0.792286
78.0         0.684033
99.0         0.745552
89.0         0.706801
89.0         0.706801
70.0         0.872209
80.0         0.767328
80.0         0.774399
74.0         0.862789
85.0         0.803518
78.0         0.808858
77.0         0.788002
91.0         0.746257
91.0         0.746257
74.0         0.862789
85.0         0.731342
79.0         0.77836
83.0         0.773822
82.0         0.813665
87.0         0.629389
99.0         0.54108
81.0         0.850424
77.0         0.695732
86.0         0.71414
70.0         0.853066
82.0         0.724391
91.0         0.700235
104.0         0.569688
90.0         0.595403
82.0         0.780973
80.0         0.833768
85.0         0.721926
72.0         0.829663
79.0         0.766615
77.0         0.823775
88.0         0.789172
76.0         0.83035
74.0         0.800334
84.0         0.729105
83.0         0.795767
86.0         0.778693
82.0         0.739519
87.0         0.812079
86.0         0.798916
68.0         0.820682
87.0         0.812079
72.0         0.848995
81.0         0.758004
89.0         0.818737
77.0         0.727443
91.0         0.747877
76.0         0.777542
92.0         0.80558
89.0         0.828199
92.0         0.80558
89.0         0.847445
89.0         0.839218
86.0         0.830688
83.0         0.869951
78.0         0.680513
86.0         0.712684
94.0         0.759823
85.0         0.763173
76.0         0.814237
74.0         0.821555
75.0         0.839489
87.0         0.781365
83.0         0.723588
72.0         0.854813
82.0         0.760629
78.0         0.869273
72.0         0.874281
79.0         0.900615
78.0         0.869273
75.0         0.824429
83.0         0.777086
68.0         0.826921
81.0         0.764819
75.0         0.824429
77.0         0.818845
73.0         0.809524
79.0         0.777443
73.0         0.837271
79.0         0.828306
75.0         0.776311
75.0         0.776311
74.0         0.785466
77.0         0.92763
72.0         0.760406
75.0         0.79542
77.0         0.751739
88.0         0.672781
81.0         0.743864
89.0         0.627105
77.0         0.751739
81.0         0.744008
88.0         0.743992
90.0         0.635152
106.0         0.485532
90.0         0.723119
90.0         0.62738
89.0         0.717656
77.0         0.814623
81.0         0.757715
87.0         0.781687
79.0         0.837957
90.0         0.740035
88.0         0.730655
73.0         0.799888
76.0         0.832971
77.0         0.772875
84.0         0.72807
86.0         0.784977
89.0         0.787375
96.0         0.670493
86.0         0.649799
87.0         0.763146
86.0         0.767668
83.0         0.757367
87.0         0.763073
94.0         0.669244
93.0         0.653034
92.0         0.623514
93.0         0.616665
88.0         0.713025
80.0         0.688581
95.0         0.720706